50 1000 4.25607004217e-06 3.67525e-09
50 1050 3.65305004379e-06 2.96616e-09
50 1100 2.53804000749e-06 2.39612e-09
50 1150 2.24202995014e-06 1.93796e-09
50 1200 1.81302004876e-06 1.56444e-09
50 1250 1.46801994561e-06 1.26181e-09
50 1300 1.18700995699e-06 1.01942e-09
50 1350 1.03400998341e-06 8.22002e-10
50 1400 7.78606988661e-07 6.61488e-10
50 1450 6.31205011814e-07 5.33847e-10
50 1500 5.11403982273e-07 4.29247e-10
50 1550 4.14402990145e-07 3.45954e-10
50 1600 3.56400988721e-07 2.78325e-10
50 1650 2.72100010079e-07 2.23775e-10
50 1700 2.33400001548e-07 1.79615e-10
50 1750 1.83699995659e-07 1.44528e-10
50 1800 1.48899999886e-07 1.16119e-10
50 1850 1.20500004641e-07 9.29893e-11
50 1900 1.01090002147e-07 7.46084e-11
50 1950 7.91700003333e-08 5.98899e-11
50 2000 6.45899973506e-08 4.79984e-11
50 2050 5.29200008259e-08 3.82587e-11
50 2100 4.29700008908e-08 3.07127e-11
50 2150 3.53400011477e-08 2.45438e-11
50 2200 2.81000005486e-08 1.96363e-11
50 2250 2.38299993072e-08 1.57021e-11
50 2300 1.86900006582e-08 1.25269e-11
50 2350 1.50700003587e-08 1.00269e-11
50 2400 1.2433000407e-08 8.00628e-12
50 2450 1.00279997639e-08 6.38474e-12
50 2500 8.08300004707e-09 5.10874e-12
100 1000 3.73707007384e-06 3.53647e-09
100 1050 3.3150499803e-06 2.85641e-09
100 1100 2.4610399123e-06 2.30605e-09
100 1150 2.16202988668e-06 1.86278e-09
100 1200 1.62602998444e-06 1.50179e-09
100 1250 1.4170200302e-06 1.21478e-09
100 1300 1.06500999664e-06 9.7812e-10
100 1350 9.75010948423e-07 7.89533e-10
100 1400 7.06906973846e-07 6.35435e-10
100 1450 6.28704981409e-07 5.13438e-10
100 1500 5.26204019025e-07 4.13589e-10
100 1550 4.11503009445e-07 3.32126e-10
100 1600 3.33000997443e-07 2.6783e-10
100 1650 2.62100002146e-07 2.15204e-10
100 1700 2.18300002075e-07 1.72643e-10
100 1750 1.76800000418e-07 1.38765e-10
100 1800 1.46299996118e-07 1.11387e-10
100 1850 1.16199998956e-07 8.93276e-11
100 1900 9.40099980085e-08 7.16113e-11
100 1950 7.77300002142e-08 5.72902e-11
100 2000 6.43000035438e-08 4.59897e-11
100 2050 5.22100016553e-08 3.68145e-11
100 2100 4.17700007915e-08 2.9403e-11
100 2150 3.4189998388e-08 2.35319e-11
100 2200 2.73600004874e-08 1.88398e-11
100 2250 2.23200000704e-08 1.50239e-11
100 2300 1.77199996898e-08 1.20095e-11
100 2350 1.47600003331e-08 9.59971e-12
100 2400 1.19330003656e-08 7.65618e-12
100 2450 9.62099999668e-09 6.11717e-12
100 2500 7.77700037702e-09 4.87609e-12
150 1000 0.069705799222 4.40788e-05
150 1050 0.0593050010502 3.68722e-05
150 1100 0.0490742996335 3.0798e-05
150 1150 0.0416836999357 2.59183e-05
150 1200 0.0344136990607 2.18853e-05
150 1250 0.0303428992629 1.86403e-05
150 1300 0.0255625993013 1.58661e-05
150 1350 0.0214224997908 1.33983e-05
150 1400 0.0183621998876 1.1499e-05
150 1450 0.0157520007342 9.86542e-06
150 1500 0.0136818997562 8.50879e-06
150 1550 0.0114118997008 7.21875e-06
150 1600 0.00987179018557 6.21671e-06
150 1650 0.00872156023979 5.43471e-06
150 1700 0.00744159985334 4.62879e-06
150 1750 0.00639163982123 3.96798e-06
150 1800 0.00581134995446 3.53916e-06
150 1850 0.00498527986929 3.06191e-06
150 1900 0.0041974298656 2.58603e-06
150 1950 0.00367338000797 2.25675e-06
150 2000 0.00321134994738 1.9583e-06
150 2050 0.0028303200379 1.71075e-06
150 2100 0.00259316992015 1.5315e-06
150 2150 0.00227715005167 1.33902e-06
150 2200 0.00200213002972 1.18343e-06
150 2250 0.00181902002078 1.06635e-06
150 2300 0.00160101999063 9.30592e-07
150 2350 0.00144794001244 8.39041e-07
150 2400 0.00127593998332 7.39316e-07
150 2450 0.00110097997822 6.31305e-07
150 2500 0.00097396899946 5.61803e-07
200 1000 0.0582056008279 3.69179e-05
200 1050 0.0494848005474 3.09586e-05
200 1100 0.0411542989314 2.61126e-05
200 1150 0.0343436002731 2.213e-05
200 1200 0.0290532000363 1.88167e-05
200 1250 0.024682899937 1.60413e-05
200 1300 0.0215923003852 1.37304e-05
200 1350 0.0181523002684 1.17767e-05
200 1400 0.0158518999815 1.01824e-05
200 1450 0.0132619002834 8.75051e-06
200 1500 0.0111319003627 7.51713e-06
200 1550 0.00992162991315 6.57092e-06
200 1600 0.00885138008744 5.75152e-06
200 1650 0.00754129979759 4.98664e-06
200 1700 0.00642145983875 4.31687e-06
200 1750 0.00583116011694 3.82595e-06
200 1800 0.00480832019821 3.27298e-06
200 1850 0.00438005989417 2.93447e-06
200 1900 0.00369921000674 2.5244e-06
200 1950 0.00339402002282 2.26033e-06
200 2000 0.0028141499497 1.93449e-06
200 2050 0.00259498995729 1.74219e-06
200 2100 0.00227899011225 1.52228e-06
200 2150 0.00191506999545 1.31189e-06
200 2200 0.00175994995516 1.17902e-06
200 2250 0.00160085002426 1.06918e-06
200 2300 0.00141182995867 9.51221e-07
200 2350 0.00124482996762 8.34517e-07
200 2400 0.00107587000821 7.29293e-07
200 2450 0.000973811023869 6.51155e-07
200 2500 0.000863801978994 5.77916e-07
250 1000 0.0479553006589 3.06754e-05
250 1050 0.0410946011543 2.59286e-05
250 1100 0.034583799541 2.1984e-05
250 1150 0.0289734005928 1.86831e-05
250 1200 0.0248629990965 1.59279e-05
250 1250 0.0211625993252 1.36479e-05
250 1300 0.0182323008776 1.17201e-05
250 1350 0.0155121004209 1.01093e-05
250 1400 0.0137117002159 8.75187e-06
250 1450 0.0115416999906 7.57431e-06
250 1500 0.010071599856 6.57359e-06
250 1550 0.00856142956764 5.71269e-06
250 1600 0.00728145986795 4.96622e-06
250 1650 0.00633137021214 4.34378e-06
250 1700 0.00524357985705 3.76386e-06
250 1750 0.00509802019224 3.36668e-06
250 1800 0.00431316997856 2.93629e-06
250 1850 0.00342034990899 2.50525e-06
250 1900 0.00338193005882 2.28696e-06
250 1950 0.0029689099174 2.01619e-06
250 2000 0.00259690009989 1.76918e-06
250 2050 0.00227989000268 1.5657e-06
250 2100 0.00192897999659 1.35951e-06
250 2150 0.00182177999523 1.23646e-06
250 2200 0.00155283999629 1.07975e-06
250 2250 0.00141175999306 9.6633e-07
250 2300 0.00124474999029 8.59824e-07
250 2350 0.00107680005021 7.55464e-07
250 2400 0.000973730988335 6.75682e-07
250 2450 0.000863722001668 5.99161e-07
250 2500 0.000764705997426 5.35243e-07
300 1000 0.0401050001383 2.5726e-05
300 1050 0.0337345004082 2.17559e-05
300 1100 0.0294633992016 1.85341e-05
300 1150 0.0244932007045 1.58546e-05
300 1200 0.0208027996123 1.35298e-05
300 1250 0.018192300573 1.16484e-05
300 1300 0.0156020000577 1.00393e-05
300 1350 0.013132000342 8.66717e-06
300 1400 0.0108519997448 7.49972e-06
300 1450 0.00972166005522 6.52286e-06
300 1500 0.00842153001577 5.67881e-06
300 1550 0.00730143021792 4.93331e-06
300 1600 0.00619133003056 4.30621e-06
300 1650 0.00554222986102 3.78411e-06
300 1700 0.00484514981508 3.31795e-06
300 1750 0.00424609007314 2.92001e-06
300 1800 0.00369905005209 2.55949e-06
300 1850 0.00341686001047 2.2717e-06
300 1900 0.00282998988405 1.98543e-06
300 1950 0.00247995997779 1.74604e-06
300 2000 0.00230182008818 8.29259e-07
300 2050 0.00191990996245 1.36376e-06
300 2100 0.00175378995482 1.21741e-06
300 2150 0.00160369998775 1.08812e-06
300 2200 0.00137076003011 9.57743e-07
300 2250 0.00124569004402 8.5612e-07
300 2300 0.00107173004653 7.57275e-07
300 2350 0.000973666028585 6.77046e-07
300 2400 0.000862656976096 6.02799e-07
300 2450 0.00078061100794 5.39589e-07
300 2500 0.000681634002831 4.78755e-07
350 1000 0.0340747013688 2.16687e-05
350 1050 0.0296739991754 1.84682e-05
350 1100 0.0251331999898 1.57172e-05
350 1150 0.0215528998524 1.34517e-05
350 1200 0.017742600292 1.15663e-05
350 1250 0.0152524001896 9.97168e-06
350 1300 0.0133518995717 8.60357e-06
350 1350 0.0113017996773 7.46061e-06
350 1400 0.00966165028512 6.4791e-06
350 1450 0.00847147032619 5.64487e-06
350 1500 0.00734138023108 4.91278e-06
350 1550 0.00610157009214 4.29058e-06
350 1600 0.00557617982849 3.76135e-06
350 1650 0.00506989005953 3.29974e-06
350 1700 0.00426803994924 2.90036e-06
350 1750 0.00392781989649 2.55875e-06
350 1800 0.00324697000906 2.24569e-06
350 1850 0.00300178001635 1.98519e-06
350 1900 0.00249189999886 1.74977e-06
350 1950 0.00228275009431 1.54537e-06
350 2000 0.00200674007647 1.37441e-06
350 2050 0.00169381999876 1.21008e-06
350 2100 0.00159562996123 1.08154e-06
350 2150 0.00141262996476 9.62314e-07
350 2200 0.00124561996199 8.5549e-07
350 2250 0.00107166997623 7.56014e-07
350 2300 0.000953654001933 6.72992e-07
350 2350 0.000861594977323 6.02457e-07
350 2400 0.000776549975853 5.38779e-07
350 2450 0.000678577984218 4.778e-07
350 2500 0.000593004981056 4.24104e-07
400 1000 0.0289044007659 1.82518e-05
400 1050 0.02451390028 1.55606e-05
400 1100 0.0206930991262 1.33682e-05
400 1150 0.0178527999669 1.15038e-05
400 1200 0.0153425000608 9.90405e-06
400 1250 0.0131422001868 8.55704e-06
400 1300 0.01097210031 7.41695e-06
400 1350 0.00982171017677 6.43521e-06
400 1400 0.00792185030878 5.58586e-06
400 1450 0.0068316902034 4.87221e-06
400 1500 0.00642126007006 4.27353e-06
400 1550 0.00521242013201 3.72513e-06
400 1600 0.00462635001168 3.27305e-06
400 1650 0.00427100993693 2.87833e-06
400 1700 0.00372195988894 2.53435e-06
400 1750 0.00324791995808 2.22766e-06
400 1800 0.0028458898887 1.96747e-06
400 1850 0.00249485997483 1.7366e-06
400 1900 0.00229470990598 1.54378e-06
400 1950 0.00192581000738 1.35896e-06
400 2000 0.00175667996518 1.2071e-06
400 2050 0.00149775994942 1.06786e-06
400 2100 0.00137065001763 9.50241e-07
400 2150 0.00124658003915 8.47408e-07
400 2200 0.00104270002339 7.47356e-07
400 2250 0.000947616004851 6.67202e-07
400 2300 0.00086155399913 5.9818e-07
400 2350 0.000745590019505 5.29665e-07
400 2400 0.000678537006024 4.75527e-07
400 2450 0.00061349599855 4.26141e-07
400 2500 0.000536519975867 3.78179e-07
450 1000 0.0246939007193 1.55467e-05
450 1050 0.0210734996945 1.32745e-05
450 1100 0.0177529994398 1.14322e-05
450 1150 0.0154224997386 9.85128e-06
450 1200 0.0132122999057 8.50841e-06
450 1250 0.0110221002251 7.37661e-06
450 1300 0.00952188018709 6.40344e-06
450 1350 0.00789187010378 5.56364e-06
450 1400 0.00703172991052 4.86605e-06
450 1450 0.006121550221 4.24469e-06
450 1500 0.00562414014712 3.71766e-06
450 1550 0.00490503991023 3.25803e-06
450 1600 0.00428298022598 2.85381e-06
450 1650 0.00373392994516 2.5174e-06
450 1700 0.00325889000669 2.22305e-06
450 1750 0.00284885009751 1.95691e-06
450 1800 0.00234298990108 1.72884e-06
450 1850 0.00219778995961 1.52916e-06
450 1900 0.00192875997163 1.35301e-06
450 1950 0.00176764000207 1.20225e-06
450 2000 0.00155663001351 1.06578e-06
450 2050 0.00137160997838 9.46128e-07
450 2100 0.00121160002891 8.4216e-07
450 2150 0.00103666004725 7.46464e-07
450 2200 0.000972522015218 6.66183e-07
450 2250 0.000860514992382 5.9382e-07
450 2300 0.000763508025557 5.30206e-07
450 2350 0.000662538979668 4.7148e-07
450 2400 0.000604890985414 4.22562e-07
450 2450 0.000535383995157 3.77364e-07
450 2500 0.000478975998703 3.36547e-07
500 1000 0.0209139995277 1.32129e-05
500 1050 0.0180431008339 1.13563e-05
500 1100 0.0154627999291 9.78684e-06
500 1150 0.0132724000141 8.45748e-06
500 1200 0.0107525000349 7.32853e-06
500 1250 0.00956195034087 6.36534e-06
500 1300 0.00838156975806 5.55281e-06
500 1350 0.00689171999693 4.82954e-06
500 1400 0.00632124021649 4.2262e-06
500 1450 0.00521341012791 3.69934e-06
500 1500 0.00492803985253 3.2481e-06
500 1550 0.00397920003161 2.84848e-06
500 1600 0.00347913010046 2.50524e-06
500 1650 0.00306805991568 2.20731e-06
500 1700 0.0028518200852 1.94512e-06
500 1750 0.00251579005271 1.72158e-06
500 1800 0.00218176003546 1.5248e-06
500 1850 0.0020096199587 1.34423e-06
500 1900 0.00176060001832 1.19605e-06
500 1950 0.00150668004062 1.06012e-06
500 2000 0.0013306599576 9.4069e-07
500 2050 0.00121155998204 8.37354e-07
500 2100 0.00110048998613 7.47174e-07
500 2150 0.000967485015281 6.63741e-07
500 2200 0.000840526015963 5.90805e-07
500 2250 0.000763470015954 5.28248e-07
500 2300 0.000665501982439 4.69661e-07
500 2350 0.000609426002484 4.21141e-07
500 2400 0.000535248022061 3.76047e-07
500 2450 0.000475442007883 3.35773e-07
500 2500 0.000423933990533 3.00512e-07
550 1000 0.0175039991736 1.12948e-05
550 1050 0.0149932000786 9.73806e-06
550 1100 0.0128829004243 8.40787e-06
550 1150 0.0102829001844 7.295e-06
550 1200 0.00921227037907 6.32189e-06
550 1250 0.00862170010805 5.51315e-06
550 1300 0.00691176997498 4.8002e-06
550 1350 0.00601158989593 4.20732e-06
550 1400 0.00566216977313 3.6808e-06
550 1450 0.00438630022109 3.22133e-06
550 1500 0.00399120012298 2.82369e-06
550 1550 0.00375689007342 2.49447e-06
550 1600 0.00327184004709 2.19112e-06
550 1650 0.00286379992031 1.93982e-06
550 1700 0.00235792994499 1.71683e-06
550 1750 0.00219972990453 1.51541e-06
550 1800 0.00193070003297 1.34037e-06
550 1850 0.00177056994289 1.19048e-06
550 1900 0.00159948004875 1.05609e-06
550 1950 0.00140647997614 9.3803e-07
550 2000 0.00124046998098 8.35221e-07
550 2050 0.00107152003329 7.41663e-07
550 2100 0.000918568985071 6.59346e-07
550 2150 0.000835496990476 5.87751e-07
550 2200 0.000745485012885 5.25312e-07
550 2250 0.000674434006214 4.69778e-07
550 2300 0.000609394977801 4.20055e-07
550 2350 0.00053411902627 3.74422e-07
550 2400 0.000483587005874 3.35478e-07
550 2450 0.000423805002356 2.99733e-07
550 2500 0.000378197990358 2.68035e-07
600 1000 0.0150736002252 9.68954e-06
600 1050 0.0129428999498 8.36745e-06
600 1100 0.0101631004363 7.25015e-06
600 1150 0.00924243032932 6.2834e-06
600 1200 0.00730266980827 5.4775e-06
600 1250 0.00667183008045 4.78508e-06
600 1300 0.00653136987239 4.17913e-06
600 1350 0.00526044983417 3.65432e-06
600 1400 0.00483903987333 3.2104e-06
600 1450 0.00432896986604 2.82766e-06
600 1500 0.00350312003866 2.481e-06
600 1550 0.00304504996166 2.1893e-06
600 1600 0.00268996995874 1.92781e-06
600 1650 0.00251173996367 1.70559e-06
600 1700 0.00220169988461 1.51229e-06
600 1750 0.00182980997488 1.33382e-06
600 1800 0.00170264998451 1.18384e-06
600 1850 0.00150062004104 1.05135e-06
600 1900 0.00132459995802 9.32691e-07
600 1950 0.00121150002815 8.3047e-07
600 2000 0.00107148999814 7.39512e-07
600 2050 0.000947478984017 6.57122e-07
600 2100 0.000857419974636 5.88839e-07
600 2150 0.000745458994061 5.23243e-07
600 2200 0.00066144799348 4.67811e-07
600 2250 0.000590538023971 4.17223e-07
600 2300 0.000533994985744 3.73368e-07
600 2350 0.000475287990412 3.33485e-07
600 2400 0.00041770801181 2.98773e-07
600 2450 0.000382953003282 2.68058e-07
600 2500 0.000337667996064 2.39716e-07
650 1000 0.0129936002195 8.31274e-06
650 1050 0.0102134998888 7.21871e-06
650 1100 0.0100424000993 6.26613e-06
650 1150 0.00809225998819 5.44732e-06
650 1200 0.00668198009953 4.73268e-06
650 1250 0.00606172997504 4.16188e-06
650 1300 0.00541356997564 3.64313e-06
650 1350 0.00472139008343 3.20052e-06
650 1400 0.00401622988284 2.80545e-06
650 1450 0.00351514993235 2.48198e-06
650 1500 0.00328383990563 2.17984e-06
650 1550 0.00269295996986 1.92419e-06
650 1600 0.0023618999403 1.6949e-06
650 1650 0.00220269989222 1.5023e-06
650 1700 0.00202153995633 1.33174e-06
650 1750 0.00169363000896 1.18006e-06
650 1800 0.00150160002522 1.04546e-06
650 1850 0.00137348996941 9.29414e-07
650 1900 0.00117155001499 8.27941e-07
650 1950 0.00103654002305 7.35697e-07
650 2000 0.000947451975662 6.54958e-07
650 2050 0.000815498991869 5.83465e-07
650 2100 0.000760407012422 2.82573e-07
650 2150 0.000661423022393 4.65512e-07
650 2200 0.000597576028667 4.17259e-07
650 2250 0.000523202004842 3.72481e-07
650 2300 0.00047516298946 3.32708e-07
650 2350 0.000422557990532 2.97517e-07
650 2400 0.000375951000024 2.65729e-07
650 2450 0.000336346012773 2.38028e-07
650 2500 0.000299939012621 2.13857e-07
700 1000 0.0112731000409 7.16699e-06
700 1050 0.00986265018582 6.23016e-06
700 1100 0.007042999845 5.4189e-06
700 1150 0.00610264996067 4.72933e-06
700 1200 0.00554235000163 4.12322e-06
700 1250 0.0053076101467 3.63219e-06
700 1300 0.00444441987202 3.18218e-06
700 1350 0.00402827979997 2.78081e-06
700 1400 0.00375693989918 2.46171e-06
700 1450 0.00308205001056 2.16532e-06
700 1500 0.00288179004565 1.91276e-06
700 1550 0.00251471996307 1.69041e-06
700 1600 0.00220368010923 1.49114e-06
700 1650 0.00183577998541 1.323e-06
700 1700 0.00170559994876 1.17502e-06
700 1750 0.00150158000179 1.04114e-06
700 1800 0.00132555002347 9.2488e-07
700 1850 0.00117152999155 8.23811e-07
700 1900 0.0010365099879 7.32146e-07
700 1950 0.000947425025515 6.52133e-07
700 2000 0.000818470027298 5.81567e-07
700 2050 0.000744401011616 5.19639e-07
700 2100 0.000663393991999 4.64001e-07
700 2150 0.000584385008551 4.14866e-07
700 2200 0.000523075985257 3.71719e-07
700 2250 0.000475336011732 3.31368e-07
700 2300 0.00042243200005 2.97498e-07
700 2350 0.000374627008568 2.65114e-07
700 2400 0.000336221011821 2.38688e-07
700 2450 0.000299815001199 2.1306e-07
700 2500 0.000267610012088 1.91478e-07
750 1000 0.00938322022557 6.20829e-06
750 1050 0.00740326009691 5.39998e-06
750 1100 0.00702229002491 4.68467e-06
750 1150 0.00610195985064 4.11684e-06
750 1200 0.00532080000266 3.60648e-06
750 1250 0.00475755007938 3.16432e-06
750 1300 0.00354472990148 2.77066e-06
750 1350 0.00352821010165 2.44812e-06
750 1400 0.00329590006731 2.15608e-06
750 1450 0.0024222698994 1.89941e-06
750 1500 0.0023759000469 1.67979e-06
750 1550 0.00220567011274 1.48124e-06
750 1600 0.00183676998131 1.31628e-06
750 1650 0.00170658994466 1.1697e-06
750 1700 0.00143067003228 1.03526e-06
750 1750 0.00132553000003 9.20377e-07
750 1800 0.00116551003885 8.20859e-07
750 1850 0.00107042002492 7.29276e-07
750 1900 0.000924466992728 6.5061e-07
750 1950 0.000815448991489 5.80075e-07
750 2000 0.000747381011024 5.16994e-07
750 2050 0.000663369020913 4.62329e-07
750 2100 0.000586760987062 4.13174e-07
750 2150 0.000509992998559 3.70085e-07
750 2200 0.000473913998576 3.30397e-07
750 2250 0.000421308999648 2.95299e-07
750 2300 0.000369729998056 2.64234e-07
750 2350 0.000335099000949 2.37655e-07
750 2400 0.000294314988423 2.12734e-07
750 2450 0.000269473006483 1.90692e-07
750 2500 0.000238983993768 1.71e-07
800 1000 0.00813306961209 5.36261e-06
800 1050 0.00678254989907 4.6867e-06
800 1100 0.00614219997078 4.10413e-06
800 1150 0.00564166996628 3.59406e-06
800 1200 0.00503638992086 3.15233e-06
800 1250 0.00405143015087 2.76706e-06
800 1300 0.00353926001117 2.43449e-06
800 1350 0.00329692009836 2.1424e-06
800 1400 0.00288483011536 1.89557e-06
800 1450 0.00252876989543 1.6753e-06
800 1500 0.00208684010431 1.48368e-06
800 1550 0.00183978001587 1.31093e-06
800 1600 0.00170758995228 1.16519e-06
800 1650 0.00150456000119 1.03249e-06
800 1700 0.00132553000003 9.16499e-07
800 1750 0.0011714999564 8.16218e-07
800 1800 0.00103647005744 7.2629e-07
800 1850 0.000918445992284 6.46934e-07
800 1900 0.000838368025143 5.77972e-07
800 1950 0.00072241097223 5.145e-07
800 2000 0.000659350014757 4.59808e-07
800 2050 0.000586641021073 4.12262e-07
800 2100 0.000529199023731 3.67859e-07
800 2150 0.000464424985694 3.28673e-07
800 2200 0.000414015987189 2.94359e-07
800 2250 0.000375683011953 2.64314e-07
800 2300 0.000333978008712 2.35822e-07
800 2350 0.000294196011964 2.11791e-07
800 2400 0.000267169001745 1.91103e-07
800 2450 0.000238763997913 1.70827e-07
800 2500 0.00021753400506 1.53752e-07
850 1000 0.0070829000324 4.65763e-06
850 1050 0.00615245010704 4.0779e-06
850 1100 0.00535706011578 3.56969e-06
850 1150 0.00467285979539 3.1292e-06
850 1200 0.0040635401383 2.75707e-06
850 1250 0.00354035990313 2.42053e-06
850 1300 0.00310123991221 2.13444e-06
850 1350 0.00271205999888 1.88314e-06
850 1400 0.00237996992655 1.66593e-06
850 1450 0.00221672002226 1.47317e-06
850 1500 0.00185478001367 1.30633e-06
850 1550 0.00162273005117 1.15765e-06
850 1600 0.00143367005512 1.02822e-06
850 1650 0.00132750999182 9.14106e-07
850 1700 0.00121142005082 8.13776e-07
850 1750 0.00103047001176 7.2311e-07
850 1800 0.000918429985177 6.4313e-07
850 1850 0.00081841298379 5.74878e-07
850 1900 0.00072240200825 5.13264e-07
850 1950 0.000642377010081 4.58771e-07
850 2000 0.000585514004342 4.09878e-07
850 2050 0.000520815025084 3.66099e-07
850 2100 0.000463303003926 3.27146e-07
850 2150 0.000413897010731 2.94204e-07
850 2200 0.000368590001017 2.63424e-07
850 2250 0.000333859003149 2.36137e-07
850 2300 0.000295478006592 2.11444e-07
850 2350 0.000266852002824 1.90036e-07
850 2400 0.00023844599491 1.70485e-07
850 2450 0.000213542007259 1.53375e-07
850 2500 0.000192924999283 1.37459e-07
900 1000 0.00592271983624 4.05355e-06
900 1050 0.00468974979594 3.54723e-06
900 1100 0.00413837982342 3.12725e-06
900 1150 0.00407571019605 2.73917e-06
900 1200 0.00315083004534 2.41448e-06
900 1250 0.00310426997021 2.12315e-06
900 1300 0.0024424099829 1.87976e-06
900 1350 0.00238199997693 1.66127e-06
900 1400 0.00221775006503 1.46985e-06
900 1450 0.00184281996917 1.29939e-06
900 1500 0.00162574998103 1.15299e-06
900 1550 0.00150554999709 1.02346e-06
900 1600 0.00132650998421 9.08822e-07
900 1650 0.00117247004528 8.10185e-07
900 1700 0.00103645003401 7.20138e-07
900 1750 0.000918429985177 6.41422e-07
900 1800 0.000837341009174 5.73244e-07
900 1850 0.000741333991755 5.10682e-07
900 1900 0.000642371014692 4.56092e-07
900 1950 0.000584402005188 4.06669e-07
900 2000 0.000507735996507 3.63712e-07
900 2050 0.000463191012386 3.26061e-07
900 2100 0.000412782013882 2.92538e-07
900 2150 0.000360306003131 2.61803e-07
900 2200 0.00032797298627 2.35016e-07
900 2250 0.00029783899663 2.11047e-07
900 2300 0.000265734997811 1.89139e-07
900 2350 0.000238230000832 1.70299e-07
900 2400 0.000215412001126 1.53194e-07
900 2450 0.000191810002434 1.36974e-07
900 2500 0.000171806997969 1.23189e-07
950 1000 0.00539375003427 3.53274e-06
950 1050 0.00468721007928 3.1009e-06
950 1100 0.00408688001335 2.73613e-06
950 1150 0.0031659998931 2.4014e-06
950 1200 0.00310638989322 2.11689e-06
950 1250 0.00290108006448 1.86747e-06
950 1300 0.00251490995288 1.64925e-06
950 1350 0.00208495999686 1.45914e-06
950 1400 0.00194668001495 1.29578e-06
950 1450 0.00162677001208 1.14826e-06
950 1500 0.00150557002053 1.01963e-06
950 1550 0.00132750999182 9.05742e-07
950 1600 0.00112258002628 8.05777e-07
950 1650 0.00103644002229 7.17035e-07
950 1700 0.000918430974707 6.39002e-07
950 1750 0.000812403974123 5.68717e-07
950 1800 0.000722374999896 5.09614e-07
950 1850 0.000658302975353 4.54958e-07
950 1900 0.000571036012843 4.07086e-07
950 1950 0.000507624994498 3.63412e-07
950 2000 0.000452417996712 3.24335e-07
950 2050 0.000411763990996 2.91713e-07
950 2100 0.000368364999304 2.61593e-07
950 2150 0.000330053997459 2.33854e-07
950 2200 0.000287968985504 2.10033e-07
950 2250 0.000265420996584 1.88003e-07
950 2300 0.00023710700043 1.68597e-07
950 2350 0.000212215003558 1.51552e-07
950 2400 0.00018862199795 1.36532e-07
950 2450 0.000171991996467 1.22691e-07
950 2500 0.000152799999341 1.10291e-07
1000 1000 0.00411792006344 3.07734e-06
1000 1050 0.00408913008869 2.71243e-06
1000 1100 0.00357476994395 2.39596e-06
1000 1150 0.00311952992342 2.10469e-06
1000 1200 0.00272831995972 1.85549e-06
1000 1250 0.0021654299926 1.64699e-06
1000 1300 0.00210305000655 1.45654e-06
1000 1350 0.00184688996524 1.2872e-06
1000 1400 0.00171066995244 1.14259e-06
1000 1450 0.00150559004396 1.0142e-06
1000 1500 0.00126964005176 9.02007e-07
1000 1550 0.00117248005699 8.03278e-07
1000 1600 0.00103646004573 7.14592e-07
1000 1650 0.000917424971703 6.36823e-07
1000 1700 0.000812395999674 5.67929e-07
1000 1750 0.000721383024938 5.06123e-07
1000 1800 0.000640350976028 4.53209e-07
1000 1850 0.000584202003665 4.04967e-07
1000 1900 0.000517063017469 3.62405e-07
1000 1950 0.000452303007478 3.24146e-07
1000 2000 0.000411674991483 2.89858e-07
1000 2050 0.000364940002328 2.59987e-07
1000 2100 0.000327743007801 2.33397e-07
1000 2150 0.000292229990009 2.08921e-07
1000 2200 0.000261428009253 1.87583e-07
1000 2250 0.000236812993535 1.68142e-07
1000 2300 0.000212004000787 1.51244e-07
1000 2350 0.000189696002053 1.3593e-07
1000 2400 0.000171673993464 1.22278e-07
1000 2450 0.000152385997353 1.1002e-07
1000 2500 0.000136682996526 9.88719e-08
1050 1000 0.00362779991701 2.70388e-06
1050 1050 0.00357598997653 2.37628e-06
1050 1100 0.00312174996361 2.09331e-06
1050 1150 0.00271253008395 1.85169e-06
1050 1200 0.00239526992664 1.63435e-06
1050 1250 0.00191532005556 1.44403e-06
1050 1300 0.00184893002734 1.28264e-06
1050 1350 0.00171068997588 1.1381e-06
1050 1400 0.00143675005529 1.01059e-06
1050 1450 0.00127069000155 8.98757e-07
1050 1500 0.00117249996401 7.99369e-07
1050 1550 0.00103646004573 7.12223e-07
1050 1600 0.000882490014192 6.34003e-07
1050 1650 0.000831335026305 5.64776e-07
1050 1700 0.000720367999747 5.04343e-07
1050 1750 0.000639353995211 4.49907e-07
1050 1800 0.000568826973904 4.02706e-07
1050 1850 0.000506407988723 3.60642e-07
1050 1900 0.000461860006908 3.23839e-07
1050 1950 0.000410542997997 2.89091e-07
1050 2000 0.000366140011465 2.58977e-07
1050 2050 0.000326640991261 2.31404e-07
1050 2100 0.000286547001451 2.07757e-07
1050 2150 0.00025961198844 1.86527e-07
1050 2200 0.00023312799749 1.6705e-07
1050 2250 0.000211791004403 1.50267e-07
1050 2300 0.000189275000594 1.35459e-07
1050 2350 0.000169578997884 1.2172e-07
1050 2400 0.000151473999722 1.09575e-07
1050 2450 0.000137458002428 9.86762e-08
1050 2500 0.000121682998724 8.86994e-08
1100 1000 0.00318864011206 2.36983e-06
1100 1050 0.00279723992571 2.08941e-06
1100 1100 0.00273268995807 1.84098e-06
1100 1150 0.00216966005974 1.62427e-06
1100 1200 0.00210316991434 1.44077e-06
1100 1250 0.00185004004743 1.27697e-06
1100 1300 0.0016298800474 1.1331e-06
1100 1350 0.00143679999746 1.00593e-06
1100 1400 0.00131961004809 8.92577e-07
1100 1450 0.00117154000327 7.95465e-07
1100 1500 0.00103547994513 7.07665e-07
1100 1550 0.000882515974808 6.31629e-07
1100 1600 0.000812394020613 5.62588e-07
1100 1650 0.000720352982171 5.02496e-07
1100 1700 0.000643326027784 4.48865e-07
1100 1750 0.000571226992179 4.01671e-07
1100 1800 0.000517271982972 3.58068e-07
1100 1850 0.000450210005511 3.20743e-07
1100 1900 0.000402059988119 2.88098e-07
1100 1950 0.00035896099871 2.57779e-07
1100 2000 0.000324330001604 2.30275e-07
1100 2050 0.000291698990623 2.0744e-07
1100 2100 0.000261497014435 1.85446e-07
1100 2150 0.000234879000345 1.66777e-07
1100 2200 0.000208284996916 1.4988e-07
1100 2250 0.000187384997844 1.34887e-07
1100 2300 0.000169279999682 1.21268e-07
1100 2350 0.000151754997205 1.09153e-07
1100 2400 0.000135961003252 9.81226e-08
1100 2450 0.000122351993923 8.82467e-08
1100 2500 0.000109656997665 7.95974e-08
1150 1000 0.00281048007309 2.07654e-06
1150 1050 0.00273381010629 1.83657e-06
1150 1100 0.00239850999787 1.62012e-06
1150 1150 0.00210531009361 1.43603e-06
1150 1200 0.00185112003237 1.27082e-06
1150 1250 0.00150015996769 1.12769e-06
1150 1300 0.00143784994725 1.00143e-06
1150 1350 0.00127070001327 8.90511e-07
1150 1400 0.00112366001122 7.92629e-07
1150 1450 0.001035519992 7.05346e-07
1150 1500 0.000916421005968 6.28453e-07
1150 1550 0.000782466027886 5.59705e-07
1150 1600 0.000720372016076 5.00502e-07
1150 1650 0.000639347010292 4.46958e-07
1150 1700 0.000571133976337 3.9972e-07
1150 1750 0.000506183016114 3.57852e-07
1150 1800 0.000450083985925 3.19838e-07
1150 1850 0.000410323991673 2.87089e-07
1150 1900 0.000363708008081 2.56498e-07
1150 1950 0.000326520006638 2.30592e-07
1150 2000 0.000290511001367 2.06247e-07
1150 2050 0.0002612840035 1.8586e-07
1150 2100 0.000232691003475 1.66557e-07
1150 2150 0.000206675002119 1.4895e-07
1150 2200 0.000188556005014 1.34508e-07
1150 2250 0.00016885799414 1.20795e-07
1150 2300 0.000151250002091 1.08521e-07
1150 2350 0.000135139998747 9.779e-08
1150 2400 0.000121753997519 8.80271e-08
1150 2450 0.000108651998744 7.9166e-08
1150 2500 9.88273022813e-05 7.13785e-08
1200 1000 0.00274619995616 1.82503e-06
1200 1050 0.00252958992496 1.61576e-06
1200 1100 0.00210647005588 1.4292e-06
1200 1150 0.00185322004836 1.26627e-06
1200 1200 0.00150228000712 1.12232e-06
1200 1250 0.00143793004099 9.96241e-07
1200 1300 0.00127080001403 8.873e-07
1200 1350 0.00112369004637 7.88882e-07
1200 1400 0.000936729018576 7.02203e-07
1200 1450 0.000915465003345 6.27233e-07
1200 1500 0.000810422003269 5.57935e-07
1200 1550 0.000719374977052 4.98676e-07
1200 1600 0.000618398014922 4.45262e-07
1200 1650 0.000581774977036 3.97939e-07
1200 1700 0.000490734004416 3.56945e-07
1200 1750 0.000449963001302 3.1876e-07
1200 1800 0.000400849996367 2.84734e-07
1200 1850 0.000364909996279 2.55216e-07
1200 1900 0.000324196007568 2.29511e-07
1200 1950 0.000290294992737 2.05199e-07
1200 2000 0.00025610299781 1.84134e-07
1200 2050 0.000232976002735 1.65615e-07
1200 2100 0.000207870005397 1.48694e-07
1200 2150 0.000185865006642 1.33963e-07
1200 2200 0.000166558005731 1.20356e-07
1200 2250 0.000150948006194 1.08177e-07
1200 2300 0.000135442998726 9.742e-08
1200 2350 0.000121432996821 8.76984e-08
1200 2400 0.000109036001959 7.89246e-08
1200 2450 9.75497969193e-05 7.09787e-08
1200 2500 8.79194994923e-05 6.40879e-08
1250 1000 0.00218527996913 1.60684e-06
1250 1050 0.0019258899847 1.42131e-06
1250 1100 0.00170068000443 1.26019e-06
1250 1150 0.00163318996783 1.11779e-06
1250 1200 0.00143804005347 9.92262e-07
1250 1250 0.00127092003822 8.83309e-07
1250 1300 0.00112372997683 7.85825e-07
1250 1350 0.000994701054879 6.99353e-07
1250 1400 0.000880601000972 6.23589e-07
1250 1450 0.000810489989817 5.54752e-07
1250 1500 0.000693487003446 4.96194e-07
1250 1550 0.00063833699096 4.43626e-07
1250 1600 0.000549581018277 3.96337e-07
1250 1650 0.000503990973812 3.53625e-07
1250 1700 0.000459455011878 3.17698e-07
1250 1750 0.000402067002142 2.84361e-07
1250 1800 0.000356625998393 2.54817e-07
1250 1850 0.000318334001349 2.28046e-07
1250 1900 0.000289977004286 2.05473e-07
1250 1950 0.000257773994235 1.83659e-07
1250 2000 0.000233252998441 1.65223e-07
1250 2050 0.000204166004551 1.48471e-07
1250 2100 0.000185457000043 1.33266e-07
1250 2150 0.000168133003172 1.19883e-07
1250 2200 0.000149041006807 1.07834e-07
1250 2250 0.000135131005663 9.71944e-08
1250 2300 0.00012111900287 8.73931e-08
1250 2350 0.000108722000732 7.86332e-08
1250 2400 9.76217997959e-05 7.08199e-08
1250 2450 8.83125030668e-05 6.38139e-08
1250 2500 7.88047982496e-05 5.75814e-08
1300 1000 0.00194721005391 1.418e-06
1300 1050 0.00170283997431 1.25426e-06
1300 1100 0.00163336005062 1.11324e-06
1300 1150 0.00133131002076 9.86859e-07
1300 1200 0.00126996997278 8.78904e-07
1300 1250 0.00112385000102 7.81901e-07
1300 1300 0.000993757043034 6.96349e-07
1300 1350 0.000880640000105 6.2052e-07
1300 1400 0.0007815840072 5.53426e-07
1300 1450 0.000717441027518 4.9418e-07
1300 1500 0.000616399978753 4.41289e-07
1300 1550 0.000566350005101 3.94439e-07
1300 1600 0.000503905990627 3.54014e-07
1300 1650 0.000436747010099 3.16053e-07
1300 1700 0.000408035994042 2.82704e-07
1300 1750 0.000347082997905 2.53589e-07
1300 1800 0.000324194988934 2.27777e-07
1300 1850 0.000284406007268 2.04251e-07
1300 1900 0.000257470004726 1.83286e-07
1300 1950 0.000231052006711 1.64243e-07
1300 2000 0.000206565004191 1.47528e-07
1300 2050 0.000185144002899 1.3288e-07
1300 2100 0.000167737001902 1.19457e-07
1300 2150 0.000148644001456 1.07338e-07
1300 2200 0.000133345005452 9.66356e-08
1300 2250 0.000120812001114 8.69228e-08
1300 2300 0.00010744100291 7.82801e-08
1300 2350 9.65294020716e-05 7.04918e-08
1300 2400 8.76081976457e-05 6.36658e-08
1300 2450 7.90139965829e-05 5.73603e-08
1300 2500 7.09121013642e-05 5.15667e-08
1350 1000 0.00170311005786 1.24907e-06
1350 1050 0.00163356005214 1.10796e-06
1350 1100 0.00143827998545 9.83326e-07
1350 1150 0.00127110001631 8.75783e-07
1350 1200 0.00104707002174 7.78687e-07
1350 1250 0.000993777997792 6.92649e-07
1350 1300 0.000880700012203 6.18254e-07
1350 1350 0.000735706009436 5.50693e-07
1350 1400 0.000693528971169 4.92418e-07
1350 1450 0.000636395008769 4.39986e-07
1350 1500 0.000565260008443 3.93392e-07
1350 1550 0.000488467980176 3.51721e-07
1350 1600 0.000448698003311 3.15862e-07
1350 1650 0.000398559990572 2.81786e-07
1350 1700 0.000356455013389 2.52279e-07
1350 1750 0.000318100996083 2.26611e-07
1350 1800 0.000284226000076 2.03197e-07
1350 1850 0.000255407008808 1.82871e-07
1350 1900 0.000230869001825 1.64532e-07
1350 1950 0.000202877999982 1.4732e-07
1350 2000 0.000184749005712 1.3231e-07
1350 2050 0.000165524994372 1.1904e-07
1350 2100 0.000148338993313 1.06942e-07
1350 2150 0.000133021007059 9.62839e-08
1350 2200 0.00012010899809 8.67545e-08
1350 2250 0.000108216998342 7.79787e-08
1350 2300 9.70999972196e-05 7.02849e-08
1350 2350 8.76229969435e-05 6.33787e-08
1350 2400 7.84099975135e-05 5.70476e-08
1350 2450 7.05003985786e-05 5.14007e-08
1350 2500 6.3498300733e-05 4.64477e-08
1400 1000 0.00150699994992 1.10349e-06
1400 1050 0.00143847998697 9.79491e-07
1400 1100 0.00127025996335 8.72121e-07
1400 1150 0.0011220399756 7.75932e-07
1400 1200 0.00093704398023 6.89942e-07
1400 1250 0.000879738014191 6.15243e-07
1400 1300 0.000775670981966 5.4817e-07
1400 1350 0.000693538982887 4.89858e-07
1400 1400 0.000615521974396 4.38217e-07
1400 1450 0.000548441021238 3.92514e-07
1400 1500 0.000488408026285 3.49907e-07
1400 1550 0.000435547990492 3.134e-07
1400 1600 0.000406820996432 2.80817e-07
1400 1650 0.000355347001459 2.51837e-07
1400 1700 0.000316941004712 2.25466e-07
1400 1750 0.000282913009869 2.02117e-07
1400 1800 0.000253614998655 1.81933e-07
1400 1850 0.000230570003623 1.63518e-07
1400 1900 0.000202554001589 1.46196e-07
1400 1950 0.000181758994586 1.3179e-07
1400 2000 0.000165129997185 1.18472e-07
1400 2050 0.000149009007146 1.0641e-07
1400 2100 0.000134521003929 9.58571e-08
1400 2150 0.000119112002722 8.62879e-08
1400 2200 0.000106922998384 7.76681e-08
1400 2250 9.61070982157e-05 6.99635e-08
1400 2300 8.67976996233e-05 6.3115e-08
1400 2350 7.79863985372e-05 5.6816e-08
1400 2400 7.03007972334e-05 5.11993e-08
1400 2450 6.31817965768e-05 4.61356e-08
1400 2500 5.70119009353e-05 4.16648e-08
1450 1000 0.00143866997678 9.74981e-07
1450 1050 0.00126947998069 8.66958e-07
1450 1100 0.00112114998046 7.70727e-07
1450 1150 0.000931136019062 6.87731e-07
1450 1200 0.000878925027791 6.12168e-07
1450 1250 0.000780729984399 5.48062e-07
1450 1300 0.000692642992362 4.87272e-07
1450 1350 0.000615534023382 4.36504e-07
1450 1400 0.000550878990907 3.89873e-07
1450 1450 0.000501646019984 3.4887e-07
1450 1500 0.000434535992099 3.12514e-07
1450 1550 0.00038541801041 2.7924e-07
1450 1600 0.000345893000485 2.50665e-07
1450 1650 0.00031681501423 2.25193e-07
1450 1700 0.000288011011435 2.01615e-07
1450 1750 0.000252405006904 1.80841e-07
1450 1800 0.000225679003051 1.62535e-07
1450 1850 0.000205862001167 1.46613e-07
1450 1900 0.000183144002222 1.3123e-07
1450 1950 0.000162665994139 1.17917e-07
1450 2000 0.000145750993397 1.05938e-07
1450 2050 0.000132524000946 9.5702e-08
1450 2100 0.000119506003102 8.59539e-08
1450 2150 0.000107109000965 7.74454e-08
1450 2200 9.58188975346e-05 6.97055e-08
1450 2250 8.63992027007e-05 6.27996e-08
1450 2300 7.80026020948e-05 5.65903e-08
1450 2350 7.0269103162e-05 5.11137e-08
1450 2400 6.30993017694e-05 4.59935e-08
1450 2450 5.64133006264e-05 4.14823e-08
1450 2500 5.11491016368e-05 3.7568e-08
1500 1000 0.00118187000044 8.63707e-07
1500 1050 0.00112152996007 7.67631e-07
1500 1100 0.000930353009608 6.83923e-07
1500 1150 0.000879025028553 6.099e-07
1500 1200 0.000779837020673 5.45066e-07
1500 1250 0.000654847011901 4.85674e-07
1500 1300 0.000610666989814 4.33531e-07
1500 1350 0.00054633198306 3.86713e-07
1500 1400 0.000501594971865 3.47798e-07
1500 1450 0.000444094999693 3.10686e-07
1500 1500 0.000387667008908 2.78148e-07
1500 1550 0.000347141001839 2.49391e-07
1500 1600 0.00030898899422 2.23836e-07
1500 1650 0.000282441003947 2.01275e-07
1500 1700 0.000248235010076 1.79791e-07
1500 1750 0.000225629002671 1.61466e-07
1500 1800 0.000202301001991 1.4574e-07
1500 1850 0.000183580996236 1.30715e-07
1500 1900 0.000162276002811 1.17518e-07
1500 1950 0.000146178994328 1.05665e-07
1500 2000 0.000132026005303 9.50101e-08
1500 2050 0.000117846000649 8.57813e-08
1500 2100 0.000106421000964 7.70421e-08
1500 2150 9.46583022596e-05 6.94377e-08
1500 2200 8.5903397121e-05 6.26313e-08
1500 2250 7.72123967181e-05 5.63211e-08
1500 2300 6.98994990671e-05 5.0744e-08
1500 2350 6.32242008578e-05 4.5843e-08
1500 2400 5.66656999581e-05 4.13485e-08
1500 2450 5.09306009917e-05 3.72329e-08
1500 2500 4.58879985672e-05 3.36423e-08
