200	3574.52	14.0616	502.63470432
205	3183.21	14.0078	445.89769038
210	2832.93	13.9497	395.18523621
215	2528.15	13.9683	353.13957645
220	2259.15	14.1828	320.4107262
225	2021.29	13.8804	280.56313716
230	1813.06	14.0218	254.22364708
235	1630.97	13.7824	224.78680928
240	1468.71	14.1371	207.63300141
245	1321.73	14.1639	187.20851547
250	1190.35	13.79	164.149265
255	1079.09	14.1224	152.39340616
260	974.613	13.8033	134.528756229
265	884.867	13.9004	123.000052468
270	803.354	13.9615	112.16026871
275	730.663	13.9062	101.607458106
280	664.936	13.9583	92.813761688
285	605.955	13.8771	84.088981305
290	553.028	13.9562	77.181693736
295	505.51	13.892	70.2254492
300	462.593	13.8965	64.284236245
305	423.86	13.8693	58.78641498
310	388.489	13.931	54.12040259
315	357.206	13.9637	49.879174222
320	328.507	13.8359	45.451900013
325	302.328	13.7667	41.620588776
330	278.679	13.9051	38.750593629
335	257.028	14.0072	36.002426016
340	236.848	13.8858	32.888239584
345	219.27	13.9344	30.55395888
350	202.663	14.0017	28.376265271
355	188.12	13.9853	26.30914636
360	174.5	13.9599	24.3600255
365	161.954	13.9485	22.59015369
370	150.415	13.8693	20.861507595
375	139.838	13.7851	19.276808138
380	129.783	14.1158	18.319908714
385	121.226	13.8818	16.828350868
390	112.715	13.7689	15.519615635
395	105.154	13.5329	14.230385666
400	98.0459	13.8343	13.5639639437
405	91.457	13.8074	12.627833818
410	85.32	13.8223	11.79318636
415	79.7218	13.8008	11.0022461744
420	74.5365	13.8464	10.320621936
425	69.7057	13.796	9.616598372
430	65.2467	13.8063	9.0081551421
435	61.0917	13.7678	8.4109830726
440	57.2741	13.8107	7.9099541287
445	53.7048	13.7458	7.3821543984
450	50.4009	13.771	6.940707939
455	47.2946	13.7682	6.5116151172
460	44.3848	13.7604	6.1075260192
465	41.734	13.8596	5.784165464
470	39.2299	13.7836	5.4072924964
475	36.9223	13.7173	5.0647426579
480	34.7729	13.7767	4.7905581143
485	32.7265	13.8065	4.5183842225
490	30.8133	13.6781	4.2146739873
495	29.0606	13.7001	3.9813312606
500	27.4171	13.6843	3.7518382153
505	25.8591	13.6726	3.5356113066
510	24.4095	13.6471	3.3311888745
515	23.0195	13.8083	3.1786016185
520	21.7643	13.7462	2.9917642066
525	20.5106	13.7124	2.8124955144
530	19.4189	13.8652	2.6924693228
535	18.3635	13.7629	2.5273501415
540	17.4166	13.5766	2.3645821156
545	16.4219	13.7981	2.2659101839
550	15.5705	13.6046	2.118304243
555	14.7736	13.7213	2.0271299768
560	13.9732	13.9263	1.9459497516
565	13.2291	13.686	1.810534626
570	12.5756	13.4127	1.6867275012
575	11.9324	13.9887	1.6691876388
580	11.2814	13.7528	1.5515083792
585	10.7311	13.3747	1.4352524317
590	10.1857	14.0044	1.4264461708
595	9.68722	13.7127	1.3283794169
600	9.20353	13.7185	1.2625862631
605	8.74315	13.7502	1.2022006113
610	8.30988	13.6818	1.1369411618
615	7.9012	13.7122	1.0834283464
620	7.51811	13.6123	1.0233876875
625	7.15194	13.6874	0.9789146356
630	6.80558	13.6655	0.9300165349
635	6.47541	13.6459	0.8836279732
640	6.17196	13.6449	0.84215777
645	5.87366	13.6392	0.8011202347
650	5.60048	13.6262	0.7631326058
655	5.33799	13.7031	0.7314701077
660	5.09822	13.7329	0.7001334544
665	4.86409	13.7702	0.6697949212
670	4.64349	13.8022	0.6409037768
675	4.43132	13.8749	0.6148412187
680	4.23046	13.9166	0.5887361964
685	4.03841	13.9934	0.5651108649
690	3.85666	13.9917	0.5396122972
695	3.68567	14.0759	0.5187912235
700	3.5251	14.1034	0.4971589534
705	3.3737	14.1609	0.4777462833
710	3.22336	14.1972	0.4576268659
715	3.0811	14.2311	0.4384744221
720	2.9509	14.2518	0.4205563662
725	2.81957	14.3333	0.4041374268
730	2.7	14.3772	0.3881844
735	2.57737	14.4452	0.3723062512
740	2.47729	14.4485	0.3579312457
745	2.3661	14.5381	0.3439859841
750	2.26585	14.5653	0.3300278501
755	2.17436	14.5861	0.317154324
760	2.08446	14.6279	0.3049127243
765	1.99341	14.7278	0.293585438
770	1.91352	14.7424	0.2820987725
775	1.83188	14.7835	0.2708159798
780	1.76145	14.8078	0.2608319931
785	1.68078	14.8956	0.2503622657
790	1.62071	14.9017	0.2415133421
795	1.54896	14.9976	0.232306825
800	1.4891	15.0167	0.2236136797
805	1.42888	15.0599	0.2151878991
810	1.36759	15.1122	0.206672936
815	1.31749	15.1184	0.1991834082
820	1.26659	15.1928	0.1924304855
825	1.2167	15.2141	0.1851099547
830	1.16617	15.2437	0.1777674563
835	1.12555	15.3009	0.17221928
840	1.07523	15.367	0.1652305941
845	1.03426	15.4018	0.1592946567
850	0.996137	15.4252	0.1536561245
855	0.957975	15.4597	0.1481000611
860	0.921447	15.5362	0.1431578488
865	0.885917	15.5643	0.1378867796
870	0.852433	15.6368	0.1332932433
875	0.820259	15.6742	0.1285690362
880	0.788789	15.6746	0.1236395206
885	0.759346	15.7507	0.1196023104
890	0.731213	15.7879	0.1154431772
895	0.703532	15.8276	0.1113522308
900	0.677478	15.8762	0.1075577622
905	0.652317	15.914	0.1038097274
910	0.627695	15.9569	0.1001606635
915	0.605596	15.9838	0.0967972534
920	0.58302	16.029	0.0934522758
925	0.561889	16.0626	0.0902539825
930	0.540533	16.1499	0.087295539
935	0.521159	16.1607	0.0842229425
940	0.501865	16.245	0.0815279693
945	0.483546	16.2492	0.0785723566
950	0.466352	16.3378	0.0761916571
955	0.45012	16.3303	0.0735059464
960	0.433842	16.4161	0.0712199366
965	0.418744	16.4473	0.0688720819
970	0.403514	16.4538	0.0663933865
975	0.389266	16.5308	0.0643487839
980	0.375053	16.5398	0.0620330161
985	0.36182	16.619	0.0601308658
990	0.349764	16.6462	0.058222415
995	0.337454	16.6888	0.0563170232
1000	0.325388	16.758	0.054528521
1005	0.314329	16.7865	0.0527648376
1010	0.30314	16.8766	0.0511597252
1015	0.292987	16.8793	0.0494541547
1020	0.282927	16.9098	0.0478423898
1025	0.272778	16.9917	0.0463496194
1030	0.263724	17.0244	0.0448974287
1035	0.254721	17.0758	0.0434956485
1040	0.245426	17.1325	0.0420476095
1045	0.237403	17.1542	0.0407245854
1050	0.229367	17.1975	0.0394453898
1055	0.221273	17.2482	0.0381656096
1060	0.214167	17.3167	0.0370866569
1065	0.207025	17.3211	0.0358590073
1070	0.199967	17.3603	0.0347148711
1075	0.193881	17.4329	0.0337990808
1080	0.186836	17.4816	0.0326619222
1085	0.180783	17.5245	0.0316813168
1090	0.174652	17.5336	0.0306227831
1095	0.168526	17.6231	0.0296995055
1100	0.163491	17.6402	0.0288401394
1105	0.158451	17.6564	0.0279767424
1110	0.153298	17.7266	0.0271745233
1115	0.148246	17.7755	0.0263514677
1120	0.143169	17.813	0.025502694
1125	0.139009	17.8569	0.0248226981
1130	0.133972	17.9205	0.0240084523
1135	0.129938	17.938	0.0233082784
1140	0.125799	17.9658	0.0226007967
1145	0.121755	18.0222	0.0219429296
1150	0.117687	18.0655	0.021260745
1155	0.11358	18.1327	0.0205951207
1160	0.110557	18.1465	0.020062226
1165	0.107532	18.1655	0.0195337255
1170	0.10339	18.2421	0.0188605072
1175	0.10036	18.2686	0.018334367
1180	0.0971485	18.3142	0.0177919706
1185	0.0942072	18.3623	0.0172986087
1190	0.0912756	18.3957	0.0167907855
1195	0.0883712	18.4467	0.0163015702
1200	0.0856418	18.4814	0.0158278036
1205	0.0830236	18.5276	0.0153822805
1210	0.0804313	18.5714	0.0149372184
1215	0.0779039	18.6096	0.0144976042
1220	0.0755801	18.6429	0.0140903225
1225	0.0732255	18.7227	0.0137097907
1230	0.0709683	18.7266	0.0132899497
1235	0.0688462	18.7544	0.0129116917
1240	0.0666928	18.8404	0.0125651903
1245	0.0646423	18.8414	0.0121795143
1250	0.0627027	18.9328	0.0118713768
1255	0.0607803	18.9693	0.0115295974
1260	0.0589319	18.9695	0.0111790868
1265	0.0571859	19.0561	0.0108974023
1270	0.0554225	19.1806	0.010630368
1275	0.0536906	19.2452	0.0103328634
1280	0.052051	19.2396	0.0100144042
1285	0.0504982	19.3577	0.0097752901
1290	0.0489404	19.4903	0.0095386308
1295	0.047474	19.5871	0.0092987799
1300	0.0460525	19.64	0.009044711
1305	0.0447038	19.7627	0.0088346779
1310	0.0433373	19.8601	0.0086068311
1315	0.0420362	19.8634	0.0083498186
1320	0.0407723	19.9586	0.0081375803
1325	0.0395728	19.951	0.0078951693
1330	0.0383587	19.993	0.0076690549
1335	0.0372043	20.1012	0.0074785108
1340	0.0361694	20.2191	0.0073131272
1345	0.0350586	20.1714	0.0070718104
1350	0.0340187	20.3088	0.0069087897
1355	0.0330251	20.2807	0.0066977215
1360	0.0320787	20.3682	0.0065338538
1365	0.0311325	20.5466	0.0063966702
1370	0.0302294	20.4724	0.0061886837
1375	0.0292919	20.6217	0.0060404877
1380	0.0284627	20.7773	0.0059137806
1385	0.0276679	20.6729	0.0057197573
1390	0.0268339	20.8251	0.0055881865
1395	0.0260313	20.7488	0.0054011824
1400	0.0252977	20.9163	0.0052913428
1405	0.0245679	21.0704	0.0051765548
1410	0.0238741	20.9586	0.0050036771
1415	0.0231433	21.1204	0.0048879575
1420	0.0225194	21.2481	0.0047849446
1425	0.0218959	21.4183	0.0046897295
1430	0.0211928	21.365	0.0045278417
1435	0.0206244	21.7574	0.0044873332
1440	0.0200458	21.6629	0.0043425016
1445	0.0194648	21.5531	0.0041952678
1450	0.0188887	21.9548	0.0041469763
1455	0.018364	22.1266	0.0040633288
1460	0.0178858	22.0054	0.0039358418
1465	0.0173622	22.1916	0.00385295
1470	0.0168403	22.3972	0.0037717557
1475	0.0163556	22.2173	0.0036337727
1480	0.0159386	22.3581	0.0035635681
1485	0.0154568	22.2281	0.003435753
1490	0.0150345	22.4111	0.0033693968
1495	0.0146102	22.5293	0.0032915758
1500	0.0141903	22.7296	0.0032253984
1505	0.01377	22.9402	0.0031588655
1510	0.0133923	22.6528	0.0030337309
1515	0.0130286	23.2697	0.0030317161
1520	0.012649	23.0194	0.0029117239
1525	0.0123374	23.1801	0.0028598217
1530	0.0119628	22.9449	0.0027448525
1535	0.0116378	23.1293	0.0026917417
1540	0.0113183	23.3535	0.0026432192
1545	0.0110039	23.456	0.0025810748
1550	0.0107027	23.4971	0.0025148241
1555	0.0103967	23.505	0.0024437443
1560	0.0101149	23.6723	0.0023944295
1565	0.00984079	23.7486	0.0023370499
1570	0.00956216	23.8011	0.0022758993
1575	0.00930893	23.8712	0.0022221533
1580	0.00905112	23.9145	0.0021645301
1585	0.00880102	24.088	0.0021199897
1590	0.00856388	24.1033	0.0020641777
1595	0.00832287	24.2052	0.0020145673
1600	0.00810078	24.2679	0.0019658892
1605	0.0078785	24.3322	0.0019170124
1610	0.00767087	24.4839	0.0018781281
1615	0.00745579	24.5137	0.00182769
1620	0.00725443	24.569	0.0017823409
1625	0.00705942	24.6853	0.001742639
1630	0.00687457	24.804	0.0017051683
1635	0.00668418	24.8672	0.0016621684
1640	0.00651001	24.9776	0.0016260443
1645	0.00633268	25.0679	0.0015874699
1650	0.00616072	25.138	0.0015486818
1655	0.00599673	25.2591	0.00151472
1660	0.00583243	25.3829	0.0014804399
1665	0.00567868	25.5006	0.0014480975
1670	0.00553066	25.5203	0.001411441
1675	0.00538094	25.5439	0.0013745019
1680	0.00523764	25.6602	0.0013439889
1685	0.00509647	25.8745	0.0013186861
1690	0.0049577	25.8847	0.0012832858
1695	0.00483094	26.0944	0.0012606048
1700	0.00470323	26.1021	0.0012276418
1705	0.0045807	26.2095	0.0012005786
1710	0.00445824	26.3238	0.0011735782
1715	0.0043369	26.3092	0.0011410037
1720	0.00422488	26.4093	0.0011157612
1725	0.00411276	26.513	0.0010904161
1730	0.00400698	26.7386	0.0010714104
1735	0.00389655	26.7109	0.0010408036
1740	0.00379497	26.8072	0.0010173252
1745	0.00370003	27.04	0.0010004881
1750	0.00359842	27.1502	0.0009769782
1755	0.00350486	27.229	0.0009543383
1760	0.00341375	27.3209	0.0009326672
1765	0.00332255	27.416	0.0009109103
1770	0.00323809	27.6458	0.0008951959
1775	0.00314866	27.5834	0.0008685075
1780	0.00306841	27.6481	0.0008483571
1785	0.00298808	27.7145	0.0008281314
1790	0.00291365	27.9548	0.000814505
1795	0.0028312	28.0642	0.0007945536
1800	0.00276133	28.108	0.0007761546
1805	0.00269156	28.1566	0.0007578518
1810	0.00262156	28.2017	0.0007393245
1815	0.00254938	28.2755	0.0007208499
1820	0.00248581	28.5102	0.0007087094
1825	0.00241549	28.5869	0.0006905137
1830	0.00235625	28.6103	0.0006741302
1835	0.00229576	28.596	0.0006564955
1840	0.00223603	28.6654	0.0006409669
1845	0.00218302	28.8949	0.0006307814
1850	0.00212345	28.9167	0.0006140317
1855	0.00207	29.1835	0.0006040985
1860	0.00200972	29.1901	0.0005866393
1865	0.00196025	29.2103	0.0005725949
1870	0.00191132	29.1893	0.0005579009
1875	0.00185789	29.4928	0.0005479438
1880	0.00181527	29.723	0.0005395527
1885	0.00176658	29.7236	0.0005250912
1890	0.00172274	29.9813	0.0005164998
1895	0.00167806	29.6455	0.0004974693
1900	0.00163547	29.9045	0.0004890791
1905	0.0015925	30.2039	0.0004809971
1910	0.00155445	30.1015	0.0004679128
1915	0.00151503	30.0356	0.0004550484
1920	0.00147199	30.3575	0.0004468594
1925	0.0014401	30.5951	0.0004406
1930	0.0014016	30.5171	0.0004277277
1935	0.00136297	30.4873	0.0004155328
1940	0.001331	30.7414	0.000409168
1945	0.001299	31.0066	0.0004027757
1950	0.0012642	30.4581	0.0003850513
1955	0.00123087	30.8644	0.0003799006
1960	0.00120048	30.9669	0.0003717514
1965	0.00117053	31.0216	0.0003631171
1970	0.00114051	31.0814	0.0003544865
1975	0.00111722	31.5357	0.0003523231
1980	0.00108758	31.5568	0.0003432054
1985	0.00105813	31.5103	0.0003334199
1990	0.00102936	31.4167	0.0003233909
1995	0.00100614	31.7628	0.0003195782
2000	0.000981077	31.8422	0.0003123965
2005	0.000956613	31.9751	0.000305878
2010	0.000932325	32.0882	0.0002991663
2015	0.000909408	32.1466	0.0002923438
2020	0.000886417	32.2175	0.0002855814
2025	0.000863806	32.3142	0.000279132
2030	0.00084231	32.4635	0.0002734433
2035	0.000821016	32.5832	0.0002675133
2040	0.00080083	32.6879	0.0002617745
2045	0.000781098	32.7197	0.0002555729
2050	0.000761286	32.9341	0.0002507227
2055	0.000742602	32.9529	0.0002447089
2060	0.000724162	33.1309	0.0002399214
2065	0.000706078	33.2221	0.0002345739
2070	0.000688773	33.2606	0.00022909
2075	0.000671106	33.47	0.0002246192
2080	0.000654555	33.4624	0.0002190298
2085	0.000638154	33.6239	0.0002145723
2090	0.000622299	33.6944	0.0002096799
2095	0.000606772	33.8846	0.0002056023
2100	0.000591918	33.9326	0.0002008532
2105	0.000577016	33.9891	0.0001961225
2110	0.000562775	34.126	0.0001920526
2115	0.000548803	34.1942	0.0001876588
2120	0.000535625	34.3143	0.000183796
2125	0.000522481	34.4322	0.0001799017
2130	0.000509317	34.5795	0.0001761193
2135	0.000496197	34.6013	0.0001716906
2140	0.000484078	34.712	0.0001680332
2145	0.000472404	34.6967	0.0001639086
2150	0.000460941	34.9082	0.0001609062
2155	0.00044976	35.0413	0.0001576018
2160	0.000438717	35.1403	0.0001541665
2165	0.000427663	35.2429	0.0001507208
2170	0.000417087	35.2067	0.0001468426
2175	0.000406541	35.4714	0.0001442058
2180	0.000396549	35.5491	0.0001409696
2185	0.000387227	35.7425	0.0001384046
2190	0.000377685	35.6672	0.0001347097
2195	0.00036824	35.9098	0.0001322342
2200	0.000359318	35.9623	0.000129219
2205	0.000350402	36.0185	0.0001262095
2210	0.000342071	36.245	0.0001239836
2215	0.000333108	36.3203	0.0001209858
2220	0.000325306	36.3282	0.0001181778
2225	0.000316997	36.5413	0.0001158348
2230	0.000309731	36.7432	0.0001138051
2235	0.000301864	36.7687	0.0001109915
2240	0.000294675	36.9412	0.0001088565
2245	0.000287398	37.1824	0.0001068615
2250	0.00028065	37.1485	0.0001042573
2255	0.000273425	37.3577	0.0001021453
2260	0.000266633	37.3399	9.9560495567E-005
2265	0.000260448	37.5246	9.7732070208E-005
2270	0.000254453	37.7047	9.5940740291E-005
2275	0.000248358	37.8684	9.4049200872E-005
2280	0.00024216	38.071	9.21927336E-005
2285	0.000235996	38.26	9.02920696E-005
2290	0.000230291	38.1896	8.7947211736E-005
2295	0.000224084	38.4083	8.6066854972E-005
2300	0.000219049	38.5249	8.4388408201E-005
2305	0.000214032	38.6523	8.2728290736E-005
2310	0.000208248	38.6168	8.0418713664E-005
2315	0.000203199	38.742	7.872335658E-005
2320	0.00019809	38.9115	7.707979035E-005
2325	0.000193715	39.2614	7.605522101E-005
2330	0.000189162	39.1278	7.4014929036E-005
2335	0.000184075	39.3222	7.238233965E-005
2340	0.000180106	39.3788	7.0923581528E-005
2345	0.000175678	39.8124	6.9941628072E-005
2350	0.000171031	39.6435	6.7802674485E-005
2355	0.000167051	39.707	6.633094057E-005
2360	0.000163052	39.8228	6.4931871856E-005
2365	0.000159079	39.8948	6.3464248892E-005
2370	0.000155058	40.0085	6.203637993E-005
2375	0.000151091	40.0903	6.0572835173E-005
2380	0.000147865	40.4762	5.985013313E-005
2385	0.000143836	40.6052	5.8404895472E-005
2390	0.00014101	40.553	5.71837853E-005
2395	0.000137035	40.6244	5.566964654E-005
2400	0.000133965	40.7945	5.4650351925E-005
2405	0.000130879	40.9847	5.3640365513E-005
2410	0.000127783	41.1703	5.2608644449E-005
2415	0.0001241	40.9566	5.08271406E-005
2420	0.000121089	41.0638	4.9723744782E-005
2425	0.000118777	41.508	0.000049302
2430	0.000115804	41.5799	4.8151187396E-005
2435	0.00011285	41.6479	4.699965515E-005
2440	0.000109965	41.6973	4.5852435945E-005
2445	0.000107077	41.6702	4.4619200054E-005
2450	0.000104886	41.9997	4.4051805342E-005
2455	0.000102035	41.9184	4.277143944E-005
2460	9.97969E-005	42.1891	4.21034139379E-005
2465	9.73046E-005	42.2923	4.11523533458E-005
2470	9.50093E-005	42.3683	4.02538252519E-005
2475	9.26878E-005	42.5345	3.9424292291E-005
2480	9.04143E-005	42.5981	3.85147739283E-005
2485	8.82972E-005	42.816	3.7805329152E-005
2490	8.61566E-005	42.8228	3.68946685048E-005
2495	8.40135E-005	42.9963	3.61226965005E-005
2500	8.20068E-005	43.1071	3.53507532828E-005
2505	8.00048E-005	43.2345	3.4589675256E-005
2510	7.81237E-005	43.3972	3.39034983364E-005
2515	7.62249E-005	43.4971	3.31556209779E-005
2520	7.43669E-005	43.522	0.000032366
2525	7.25103E-005	43.7345	0.000031712
2530	7.08326E-005	43.9086	3.11016030036E-005
2535	6.91512E-005	43.9687	3.04048836744E-005
2540	6.74523E-005	44.0719	2.97275102037E-005
2545	6.57976E-005	44.1696	2.90625367296E-005
2550	6.42534E-005	44.3683	2.85081412722E-005
2555	6.26926E-005	44.4751	2.78825965426E-005
2560	6.11929E-005	44.5956	2.72893409124E-005
2565	5.96882E-005	44.7074	0.000026685
2570	5.82621E-005	44.9635	2.61966793335E-005
2575	5.67937E-005	44.99	2.555148563E-005
2580	5.54544E-005	45.1889	2.50592333616E-005
2585	5.41303E-005	45.2045	2.44693314635E-005
2590	5.28013E-005	45.3827	2.39626555751E-005
2595	5.15257E-005	45.5092	2.34489338644E-005
2600	5.03066E-005	45.6584	2.29691886544E-005
2605	4.90915E-005	45.8195	2.24934798425E-005
2610	4.79282E-005	45.9043	2.20011047126E-005
2615	4.67741E-005	46.1614	2.15915793974E-005
2620	4.55954E-005	46.1966	2.10635245564E-005
2625	4.44978E-005	46.3849	2.06402600322E-005
2630	0.000043506	46.4682	2.0216455092E-005
2635	4.23826E-005	46.6499	1.97714405174E-005
2640	4.14053E-005	46.7612	1.93616151436E-005
2645	0.000040404	46.8608	1.8933637632E-005
2650	3.93955E-005	46.9937	1.85134030835E-005
2655	3.84871E-005	47.2308	1.81777652268E-005
2660	3.75902E-005	47.3148	1.77857279496E-005
2665	3.66599E-005	47.5387	1.74276398813E-005
2670	3.57884E-005	47.6153	1.70407540252E-005
2675	3.48943E-005	47.7142	1.66495360906E-005
2680	3.40897E-005	47.9173	1.63348638181E-005
2685	3.31887E-005	48.0319	1.59411631953E-005
2690	3.24111E-005	48.0256	1.55656252416E-005
2695	3.16719E-005	48.4099	1.53323351181E-005
2700	3.08937E-005	48.4106	1.49558255322E-005
2705	3.01877E-005	48.5346	1.46514794442E-005
2710	2.94115E-005	48.6136	0.000014298
2715	0.000028704	48.7651	1.3997534304E-005
2720	2.80001E-005	48.9825	1.37151489825E-005
2725	2.73257E-005	48.9448	1.33745092136E-005
2730	2.66994E-005	49.2684	1.31543671896E-005
2735	2.60266E-005	49.2354	1.28143006164E-005
2740	2.53885E-005	49.5577	0.000012582
2745	2.47946E-005	49.7102	1.23254452492E-005
2750	2.41975E-005	49.786	0.000012047
2755	2.36058E-005	49.9522	1.17916164276E-005
2760	2.30057E-005	50.0547	1.15154341179E-005
2765	2.24532E-005	49.9341	1.12118033412E-005
2770	2.19257E-005	50.2056	1.10079292392E-005
2775	2.14479E-005	50.253	1.0778213187E-005
2780	2.09194E-005	50.5414	0.000010573
2785	0.000020365	50.4094	1.026587431E-005
2790	1.99069E-005	50.9182	1.01362351558E-005
2795	1.94274E-005	50.9756	9.9032337144E-006
2800	1.89382E-005	50.9867	0.000009656
2805	1.84485E-005	50.9972	9.408218442E-006
2810	1.80387E-005	51.2758	9.2494877346E-006
2815	1.76254E-005	51.4727	9.0722692658E-006
2820	1.71424E-005	51.5152	8.8309416448E-006
2825	1.67221E-005	51.7923	8.6607601983E-006
2830	1.63365E-005	51.7636	8.456360514E-006
2835	1.59378E-005	51.9408	8.2782208224E-006
2840	1.56117E-005	52.2615	8.1589085955E-006
2845	0.000015223	52.3444	7.968388012E-006
2850	1.48268E-005	52.4222	7.7725347496E-006
2855	1.45152E-005	52.7209	7.6525440768E-006
2860	1.41249E-005	52.7145	7.4458704105E-006
2865	1.38168E-005	52.9801	7.3201544568E-006
2870	1.34323E-005	52.9395	0.000007111
2875	0.00001312	53.1604	6.97464448E-006
2880	0.000012819	53.3483	6.838718577E-006
2885	1.25112E-005	53.5412	6.6986466144E-006
2890	1.22184E-005	53.6652	0.000006557
2895	1.19142E-005	53.7994	6.4097681148E-006
2900	1.16193E-005	53.9263	6.2658585759E-006
2905	1.13278E-005	54.003	6.117351834E-006
2910	1.10278E-005	54.0968	5.9656869104E-006
2915	1.08166E-005	54.4471	5.8893250186E-006
2920	1.05223E-005	54.46	5.73044458E-006
2925	0.000010311	54.7996	5.650386756E-006
2930	1.00202E-005	54.7577	5.4868310554E-006
2935	9.78277E-006	54.9155	5.37225705935E-006
2940	0.000009547	55.0446	5.25512447538E-006
2945	9.31052E-006	55.2299	5.14219088548E-006
2950	9.08571E-006	55.3383	5.02787745693E-006
2955	8.86031E-006	55.4494	0.000004913
2960	8.64342E-006	55.6635	4.8112300917E-006
2965	8.42871E-006	55.7493	4.69894682403E-006
2970	8.2237E-006	55.8355	4.5917440135E-006
2975	8.02438E-006	56.0202	4.49527372476E-006
2980	7.82636E-006	56.1602	4.39529942872E-006
2985	7.63385E-006	56.2893	0.000004297
2990	7.44713E-006	56.3994	4.20013663722E-006
2995	7.26256E-006	56.4786	4.10179221216E-006
3000	0.000007083	56.6394	4.01176303806E-006
