800 10
800 200
800 300
800 400
800 500
800 600
800 700
800 790
900 10
900 200
900 300
900 400
900 500
900 600
900 700
900 800
900 890
1000 10
1000 25
1000 50
1000 100
1000 150
1000 200
1000 300
1000 400
1000 500
1000 600
1000 700
1000 750
1000 800
1000 850
1000 900
1000 950
1000 975
1000 990
1050 10
1050 25
1050 50
1050 100
1050 150
1050 200
1050 300
1050 400
1050 500
1050 600
1050 700
1050 750
1050 800
1050 850
1050 900
1050 950
1050 1000
1050 1025
1050 1040
1100 10
1100 25
1100 50
1100 100
1100 150
1100 200
1100 300
1100 400
1100 500
1100 600
1100 700
1100 800
1100 850
1100 900
1100 950
1100 1000
1100 1050
1100 1075
1100 1090
1150 10
1150 25
1150 50
1150 100
1150 150
1150 200
1150 300
1150 400
1150 500
1150 600
1150 700
1150 800
1150 850
1150 900
1150 950
1150 1000
1150 1050
1150 1100
1150 1125
1150 1140
1200 10
1200 25
1200 50
1200 100
1200 150
1200 200
1200 300
1200 400
1200 500
1200 600
1200 700
1200 800
1200 900
1200 950
1200 1000
1200 1050
1200 1100
1200 1150
1200 1175
1200 1190
1250 10
1250 25
1250 50
1250 100
1250 150
1250 200
1250 300
1250 400
1250 500
1250 600
1250 700
1250 800
1250 900
1250 950
1250 1000
1250 1050
1250 1100
1250 1150
1250 1200
1250 1225
1250 1240
1300 10
1300 25
1300 50
1300 100
1300 150
1300 200
1300 300
1300 400
1300 500
1300 600
1300 700
1300 800
1300 900
1300 1000
1300 1050
1300 1100
1300 1150
1300 1200
1300 1250
1300 1275
1300 1290
1350 10
1350 25
1350 50
1350 100
1350 150
1350 200
1350 300
1350 400
1350 500
1350 600
1350 700
1350 800
1350 900
1350 1000
1350 1050
1350 1100
1350 1150
1350 1200
1350 1250
1350 1300
1350 1325
1350 1340
1400 10
1400 25
1400 50
1400 100
1400 150
1400 200
1400 300
1400 400
1400 500
1400 600
1400 700
1400 800
1400 900
1400 1000
1400 1100
1400 1150
1400 1200
1400 1250
1400 1300
1400 1350
1400 1375
1400 1390
1450 10
1450 25
1450 50
1450 100
1450 150
1450 200
1450 300
1450 400
1450 500
1450 600
1450 700
1450 800
1450 900
1450 1000
1450 1100
1450 1150
1450 1200
1450 1250
1450 1300
1450 1350
1450 1400
1450 1425
1450 1440
1500 10
1500 25
1500 50
1500 100
1500 150
1500 200
1500 300
1500 400
1500 500
1500 600
1500 700
1500 800
1500 900
1500 1000
1500 1100
1500 1200
1500 1250
1500 1300
1500 1350
1500 1400
1500 1450
1500 1475
1500 1490
1550 10
1550 25
1550 50
1550 100
1550 150
1550 200
1550 300
1550 400
1550 500
1550 600
1550 700
1550 800
1550 900
1550 1000
1550 1100
1550 1200
1550 1250
1550 1300
1550 1350
1550 1400
1550 1450
1550 1500
1550 1525
1550 1540
1600 10
1600 25
1600 50
1600 100
1600 150
1600 200
1600 300
1600 400
1600 500
1600 600
1600 700
1600 800
1600 900
1600 1000
1600 1100
1600 1200
1600 1300
1600 1350
1600 1400
1600 1450
1600 1500
1600 1550
1600 1575
1600 1590
1650 10
1650 25
1650 50
1650 100
1650 150
1650 200
1650 300
1650 400
1650 500
1650 600
1650 700
1650 800
1650 900
1650 1000
1650 1100
1650 1200
1650 1300
1650 1350
1650 1400
1650 1450
1650 1500
1650 1550
1650 1600
1650 1625
1650 1640
1700 10
1700 25
1700 50
1700 100
1700 150
1700 200
1700 300
1700 400
1700 500
1700 600
1700 700
1700 800
1700 900
1700 1000
1700 1100
1700 1200
1700 1300
1700 1400
1700 1450
1700 1500
1700 1550
1700 1600
1700 1650
1700 1675
1700 1690
1750 10
1750 25
1750 50
1750 100
1750 150
1750 200
1750 300
1750 400
1750 500
1750 600
1750 700
1750 800
1750 900
1750 1000
1750 1100
1750 1200
1750 1300
1750 1400
1750 1450
1750 1500
1750 1550
1750 1600
1750 1650
1750 1700
1750 1725
1750 1740
1800 10
1800 25
1800 50
1800 100
1800 150
1800 200
1800 300
1800 400
1800 500
1800 600
1800 700
1800 800
1800 900
1800 1000
1800 1100
1800 1200
1800 1300
1800 1400
1800 1500
1800 1550
1800 1600
1800 1650
1800 1700
1800 1750
1800 1775
1800 1790
1850 10
1850 25
1850 50
1850 100
1850 150
1850 200
1850 300
1850 400
1850 500
1850 600
1850 700
1850 800
1850 900
1850 1000
1850 1100
1850 1200
1850 1300
1850 1400
1850 1500
1850 1550
1850 1600
1850 1650
1850 1700
1850 1750
1850 1800
1850 1825
1850 1840
1900 10
1900 25
1900 50
1900 100
1900 150
1900 200
1900 300
1900 400
1900 500
1900 600
1900 700
1900 800
1900 900
1900 1000
1900 1100
1900 1200
1900 1300
1900 1400
1900 1500
1900 1600
1900 1650
1900 1700
1900 1750
1900 1800
1900 1850
1900 1875
1900 1890
1950 10
1950 25
1950 50
1950 100
1950 150
1950 200
1950 300
1950 400
1950 500
1950 600
1950 700
1950 800
1950 900
1950 1000
1950 1100
1950 1200
1950 1300
1950 1400
1950 1500
1950 1600
1950 1650
1950 1700
1950 1750
1950 1800
1950 1850
1950 1900
1950 1925
1950 1940
2000 10
2000 25
2000 50
2000 100
2000 150
2000 200
2000 300
2000 400
2000 500
2000 600
2000 700
2000 800
2000 900
2000 1000
2000 1100
2000 1200
2000 1300
2000 1400
2000 1500
2000 1600
2000 1700
2000 1750
2000 1800
2000 1850
2000 1900
2000 1950
2000 1975
2000 1990
2050 10
2050 25
2050 50
2050 100
2050 150
2050 200
2050 300
2050 400
2050 500
2050 600
2050 700
2050 800
2050 900
2050 1000
2050 1100
2050 1200
2050 1300
2050 1400
2050 1500
2050 1600
2050 1700
2050 1750
2050 1800
2050 1850
2050 1900
2050 1950
2050 2000
2050 2025
2050 2040
2100 10
2100 25
2100 50
2100 100
2100 150
2100 200
2100 300
2100 400
2100 500
2100 600
2100 700
2100 800
2100 900
2100 1000
2100 1100
2100 1200
2100 1300
2100 1400
2100 1500
2100 1600
2100 1700
2100 1800
2100 1850
2100 1900
2100 1950
2100 2000
2100 2050
2100 2075
2100 2090
2150 10
2150 25
2150 50
2150 100
2150 150
2150 200
2150 300
2150 400
2150 500
2150 600
2150 700
2150 800
2150 900
2150 1000
2150 1100
2150 1200
2150 1300
2150 1400
2150 1500
2150 1600
2150 1700
2150 1800
2150 1850
2150 1900
2150 1950
2150 2000
2150 2050
2150 2100
2150 2125
2150 2140
2200 10
2200 25
2200 50
2200 100
2200 150
2200 200
2200 300
2200 400
2200 500
2200 600
2200 700
2200 800
2200 900
2200 1000
2200 1100
2200 1200
2200 1300
2200 1400
2200 1500
2200 1600
2200 1700
2200 1800
2200 1900
2200 1950
2200 2000
2200 2050
2200 2100
2200 2150
2200 2175
2200 2190
2250 10
2250 25
2250 50
2250 100
2250 150
2250 200
2250 300
2250 400
2250 500
2250 600
2250 700
2250 800
2250 900
2250 1000
2250 1100
2250 1200
2250 1300
2250 1400
2250 1500
2250 1600
2250 1700
2250 1800
2250 1900
2250 1950
2250 2000
2250 2050
2250 2100
2250 2150
2250 2200
2250 2225
2250 2240
2300 10
2300 25
2300 50
2300 100
2300 150
2300 200
2300 300
2300 400
2300 500
2300 600
2300 700
2300 800
2300 900
2300 1000
2300 1100
2300 1200
2300 1300
2300 1400
2300 1500
2300 1600
2300 1700
2300 1800
2300 1900
2300 2000
2300 2050
2300 2100
2300 2150
2300 2200
2300 2250
2300 2275
2300 2290
2350 10
2350 25
2350 50
2350 100
2350 150
2350 200
2350 300
2350 400
2350 500
2350 600
2350 700
2350 800
2350 900
2350 1000
2350 1100
2350 1200
2350 1300
2350 1400
2350 1500
2350 1600
2350 1700
2350 1800
2350 1900
2350 2000
2350 2050
2350 2100
2350 2150
2350 2200
2350 2250
2350 2300
2350 2325
2350 2340
2400 10
2400 25
2400 50
2400 100
2400 150
2400 200
2400 300
2400 400
2400 500
2400 600
2400 700
2400 800
2400 900
2400 1000
2400 1100
2400 1200
2400 1300
2400 1400
2400 1500
2400 1600
2400 1700
2400 1800
2400 1900
2400 2000
2400 2100
2400 2150
2400 2200
2400 2250
2400 2300
2400 2350
2400 2375
2400 2390
2450 10
2450 25
2450 50
2450 100
2450 150
2450 200
2450 300
2450 400
2450 500
2450 600
2450 700
2450 800
2450 900
2450 1000
2450 1100
2450 1200
2450 1300
2450 1400
2450 1500
2450 1600
2450 1700
2450 1800
2450 1900
2450 2000
2450 2100
2450 2150
2450 2200
2450 2250
2450 2300
2450 2350
2450 2400
2450 2425
2450 2440
2500 10
2500 25
2500 50
2500 100
2500 150
2500 200
2500 300
2500 400
2500 500
2500 600
2500 700
2500 800
2500 900
2500 1000
2500 1100
2500 1200
2500 1300
2500 1400
2500 1500
2500 1600
2500 1700
2500 1800
2500 1900
2500 2000
2500 2100
2500 2200
2500 2250
2500 2300
2500 2350
2500 2400
2500 2450
2500 2475
2500 2490
