
Processing searchBinsStack.C...
WGJetsToLNuG.root
12.3893
16.6786
11.0497
14.5347
7.89482
1.25135
0.297768
1.45942
1.39987
0.805056
1.07197
0.65509
0.119107
0.238215
0.119107
0.0595536
0
0.149245
0
0
0
1.48956
2.80046
1.36973
1.63809
0.893305
0.716086
0.297768
0.297768
0.416875
0.0595536
0.477871
0.476429
0.119107
0.0595536
0
0.0595536
0
0
0
0.0595536
0

TTGJets.root
2.1647
3.63559
0.999093
1.60965
1.33212
-2.08167e-17
0
1.72066
1.35988
1.16561
1.0546
0.416289
0.444041
-0.138763
0.610557
0.804825
0.388536
0.222021
0.0555052
-0.0277526
0.0277526
4.41266
6.41085
2.91402
1.99819
0.721567
1.08235
1.24887
7.04915
9.93542
2.85852
3.49682
1.85942
0.638309
0.333031
3.58008
3.88536
2.49773
1.94268
0.527299
0.194268
0.11101

TTJetsHT.root
0.371452
0.35934
0.362275
0.606085
0.0543759
0.0156266
0
0.837002
0.624815
0.0390614
0.290527
0.0269429
0.12666
0.00870271
0.0508808
0.0782904
0.240755
0.141192
0.0146501
0.00686803
0.0107311
1.71188
1.24593
1.05125
1.94742
0.521122
0.0483492
0.0479747
2.37472
2.44486
1.50128
0.874537
0.347872
0.222524
0.0697295
0.759872
1.45437
0.408313
0.431137
0.095801
0.0423952
0.0205221

WJetsToLNu.root
6.67782
6.87661
3.572
5.03339
1.53623
0.367666
0.0486733
0.936062
1.35693
0.514003
0.640231
0.190779
0.0855708
0.045655
0.406146
0.109522
0.0194257
0.149567
0.143325
0
0.00105793
0.73557
1.21352
0.514906
0.653705
0.113469
0.0586507
0.0492023
1.1693
0.284211
0.0529875
0.244137
0.130459
0.0257003
0.000528964
0.0733157
0.153353
0.0675203
0.0115642
0.00105793
0.000528964
0.0178388

ZJetsToNuNu.root
0.175029
0.151054
0.0871183
0.127835
0.0443154
0
0
0
0.0675696
0.000756311
0.0239752
0
0
0
0
0
0
0
0
0
0
0.0479857
0.0587517
0.0195839
0.0239752
0.00151262
0
0.0247679
0
0.0479857
0
0
0
0
0
0
0
0
0
0
0
0

ZGJetsToNuNuG.root
5.47733
3.65155
4.56444
10.9547
10.0418
2.73866
0
0.912888
-0.912888
0
1.82578
0
0.912888
0
0
0
0
0
0
0
0
0.912888
2.73866
1.82578
0
0
-0.912888
0
0
0
0
0
0
0
0
0
0
0
0
0
0
0

QCD.root
538.492
379.177
98.0516
37.9496
4.37324
0.365067
0
275.024
231.61
47.603
11.3517
5.00322
0.514944
0.44963
36.0538
62.8633
8.65755
4.70347
0.514944
0.514944
0.514944
162.821
73.0558
57.7914
24.0196
1.84459
1.11445
0.149877
151.528
69.5308
8.17745
7.14756
1.6294
3.22395
0.365067
22.4711
9.57241
11.4511
4.48828
0.730135
0
0.149877

GJets.root
2148.31
1441.99
373.949
189.342
36.1431
2.93884
0.400751
337.945
236.055
57.1244
24.7971
5.72987
2.13734
1.20225
45.6002
29.8733
6.01126
3.07242
0.667918
1.33584
0
465.882
380.008
121.735
56.0395
15.3052
4.40826
1.46942
114.716
101.512
29.5702
17.3659
4.67543
1.32161
1.33584
23.0321
17.633
6.13062
2.67167
0.667918
0.133584
0.133584

T5qqqqHg_1600_150_FastSim.root
0.013758
0.013758
0.0412741
0.0550321
0.123822
0.0756692
0.020637
0.130701
0.288919
0.275161
0.481531
0.378346
0.28204
0.330193
0.178854
0.392104
0.385225
0.612232
0.426499
0.433378
0.481531
0.013758
0.0481531
0.0343951
0.0687902
0.0275161
0.0275161
0.0343951
0.103185
0.268282
0.213249
0.337072
0.261403
0.171975
0.247645
0.240766
0.357709
0.550321
0.577837
0.522805
0.337072
0.447136

T5qqqqHg_1600_1550_FastSim.root
0.0415011
0.11067
0.152171
0.435762
1.25195
1.29345
3.35467
0.0207506
0.0345843
0.0138337
0.0691685
0.0622517
0.152171
1.07903
0
0.0207506
0.00691685
0.048418
0.0207506
0.0345843
0.172921
0.048418
0.0553348
0.0968359
0.249007
0.200589
0.214422
2.44165
0
0.00691685
0.0207506
0.048418
0.0622517
0.0968359
0.774687
0
0.00691685
0
0.0138337
0.0138337
0.0276674
0.186755

*****************************************************
Int Lumi(inv.fb) for file1:35.86
