1650 10
1650 25
1650 50
1650 100
1650 150
1650 200
1650 300
1650 400
1650 500
1650 600
1650 700
1650 800
1650 900
1650 1000
1650 1100
1650 1200
1650 1300
1650 1350
1650 1400
1650 1425
1700 10
1700 25
1700 50
1700 100
1700 150
1700 200
1700 300
1700 400
1700 500
1700 600
1700 700
1700 800
1700 900
1700 1000
1700 1100
1700 1200
1700 1300
1700 1400
1700 1450
1700 1475
1750 10
1750 25
1750 50
1750 100
1750 150
1750 200
1750 300
1750 400
1750 500
1750 600
1750 700
1750 800
1750 900
1750 1000
1750 1100
1750 1200
1750 1300
1750 1400
1750 1450
1750 1500
1750 1525
1950 800
