100	22670.1	973.967	11611.9	518.613
125	10034.8	457.604	5090.52	249.469
150	5180.86	253.223	2612.31	138.156
175	2953.28	154.386	1482.42	83.2672
200	1807.39	101.316	902.569	53.7411
225	1165.09	68.8042	579.564	36.0699
250	782.487	48.7463	387.534	25.3131
275	543.03	35.4083	267.786	18.2886
300	386.936	26.3602	190.159	13.4438
325	281.911	20.0201	138.086	10.1835
350	209.439	15.4539	102.199	7.75261
375	158.06	12.0956	76.8342	6.02606
400	121.013	9.61659	58.6311	4.7276
425	93.771	7.73547	45.2189	3.71547
450	73.4361	6.2389	35.3143	2.97283
475	58.0811	5.05005	27.8342	2.41224
500	46.3533	4.16461	22.1265	1.94904
525	37.2636	3.46763	17.7394	1.5992
550	30.1656	2.88065	14.3134	1.32368
575	24.5798	2.40183	11.6266	1.09669
600	20.1372	2.04438	9.49913	0.912324
625	16.5706	1.70195	7.80081	0.768988
650	13.7303	1.43519	6.43244	0.638889
675	11.3975	1.21937	5.33642	0.541519
700	9.51032	1.04092	4.4387	0.457123
725	7.9595	0.885243	3.70675	0.385799
750	6.69356	0.769988	3.10861	0.330353
775	5.63562	0.654544	2.61656	0.283139
800	4.75843	0.564061	2.21197	0.245196
825	4.02646	0.478362	1.86142	0.201762
850	3.42026	0.412315	1.58356	0.177806
875	2.90547	0.366257	1.34699	0.150075
900	2.49667	0.314019	1.15301	0.135822
925	2.12907	0.26801		0.981406	0.114539
950	1.8164	0.242682	0.842779	0.102086
975	1.56893	0.217618	0.713432	0.0779702
1000	1.34352	0.175604	0.621866	0.0771005
1025	1.15949	0.155683	0.535563	0.0667594
1050	0.997903		0.133077	0.458716	0.0569349
1075	0.86504			0.117638	0.398794	0.0506191
1100	0.740372		0.107178	0.342626	0.0427672
1125	0.647288		0.0917503	0.301119	0.0414674
1150	0.555594		0.0828113	0.262408	0.0373521
1175	0.486863		0.0644736	0.224723	0.0301438
1200	0.415851		0.0579252	0.196044	0.0264135
1225	0.362455		0.0561888	0.168114	0.021483
1250	0.316975		0.046491	0.148219	0.0198313
1275	0.276522		0.0430197	0.128682	0.0173508
1300	0.240739		0.0339561	0.115645	0.018756
1325	0.20999			0.0288259	0.0987141	0.014292
1350	0.185601		0.0309793	0.0881654	0.0135402
1375	0.161343		0.0231066	0.0778987	0.0131703
1400	0.131074		0.0188826	0.0686671	0.0114478
1425	0.121045		0.0184156	0.0591995	0.00946571
1450	0.110889		0.0173553	0.0505255	0.00707791
1475	0.0906868		0.0153453	0.0478698	0.00982729
1500	0.0795585		0.0130098	0.0396228	0.00627315
1525	0.0694615		0.0116491	0.0348558	0.00559845
1550	0.0610387		0.0106867	0.0307165	0.00495763
1575	0.0531447		0.0100985	0.0271112	0.00435237
1600	0.0468796		0.00943991	0.0239083	0.00394854
1625	0.0413666		0.00870228	0.0209953	0.00362692
1650	0.0359383		0.0078127	0.0186409	0.003244
1675	0.0313343		0.00724488	0.01647		0.00285616
1700	0.0271773		0.00682548	0.0144992	0.00249881
1725	0.0239993		0.00575157	0.0128156	0.00222519
1750	0.0209773		0.00520821	0.0113544	0.00198711
1775	0.0183553		0.00474575	0.0100029	0.00178698
1800	0.0161098		0.00436762	0.0088942	0.00155231
1825	0.0139216		0.00392561	0.00788156	0.00139556
1850	0.0120539		0.00376256	0.00695506	0.001247
1875	0.0104658		0.00347714	0.00614707	0.00114377
1900	0.00937288		0.00298646	0.00543469	0.00102872
1925	0.00814838		0.0027116	0.00485995	0.000924302
1950	0.00713734		0.00244379	0.00432007	0.000896908
1975	0.00621999		0.00223617	0.00371358	0.000851482
2000	0.00544778		0.00207163	0.00323064	0.000814089
