1600 1000 0.147581
1600 100 0.422546
1600 10 0.393394
1600 1100 0.146587
1600 1200 0.149331
1600 1300 0.160122
1600 1350 0.168426
1600 1400 0.183304
1600 1450 0.204884
1600 1500 0.0363871
1600 150 0.365011
1600 1550 0.309278
1600 1575 0.246245
1600 1590 0.219284
1600 200 0.325197
1600 25 0.401994
1600 300 0.275286
1600 400 0.233131
1600 500 0.211015
1600 50 0.41325
1600 600 0.1812
1600 800 0.157209
1600 900 0.151111
1650 1000 0.192811
1650 100 0.533572
1650 10 0.495457
1650 1100 0.188793
1650 1200 0.192706
1650 1300 0.198447
1650 1350 0.20954
1650 1400 0.0571508
1650 1450 0.241844
1650 1500 0.273459
1650 150 0.459594
1650 1550 0.313564
1650 1600 0.0892486
1650 1625 0.322308
1650 1640 0.266173
1650 200 0.425906
1650 25 0.505901
1650 300 0.349721
1650 400 0.302391
1650 500 0.267103
1650 50 0.52437
1650 600 0.236703
1650 700 0.216797
1650 800 0.208434
1650 900 0.199126
1700 1000 0.245982
1700 100 0.662088
1700 10 0.613367
1700 1100 0.24021
1700 1200 0.244342
1700 1300 0.250301
1700 1400 0.080924
1700 1450 0.276775
1700 1500 0.30971
1700 150 0.584714
1700 1550 0.350832
1700 1600 0.40977
1700 1650 0.120476
1700 1675 0.409443
1700 1690 0.354256
1700 200 0.52172
1700 25 0.627913
1700 300 0.447094
1700 400 0.388752
1700 500 0.335009
1700 50 0.645758
1700 600 0.306245
1700 700 0.283996
1700 800 0.268958
1700 900 0.254779
1750 1000 0.319037
1750 100 0.816342
1750 10 0.768715
1750 1100 0.311262
1750 1200 0.314067
1750 1300 0.316567
1750 1400 0.116349
1750 1450 0.343084
1750 1500 0.369547
1750 150 0.736027
1750 1550 0.406743
1750 1600 0.448391
1750 1650 0.540926
1750 1700 0.654634
1750 1725 0.523521
1750 1740 0.483244
1750 200 0.663046
1750 25 0.792375
1750 300 0.593634
1750 400 0.482577
1750 500 0.444948
1750 50 0.790646
1750 600 0.398022
1750 700 0.369192
1750 800 0.343065
1750 900 0.328242
1800 1000 0.408741
1800 100 1.0605
1800 10 0.986874
1800 1100 0.403973
1800 1200 0.399344
1800 1300 0.402932
1800 1400 0.421144
1800 1500 0.44041
1800 150 0.898478
1800 1550 0.11951
1800 1600 0.103778
1800 1650 0.0976573
1800 1700 0.679925
1800 1750 0.19806
1800 1775 0.675273
1800 1790 0.630295
1800 200 0.838717
1800 25 0.976936
1800 300 0.728366
1800 400 0.625122
1800 500 0.574017
1800 50 1.04435
1800 600 0.5069
1800 700 0.470183
1800 800 0.43695
1800 900 0.424873
1850 1000 0.520752
1850 100 1.31305
1850 10 1.2231
1850 1100 0.520413
1850 1200 0.509183
1850 1300 0.511509
1850 1400 0.525234
1850 1500 0.558707
1850 150 1.18674
1850 1550 0.571406
1850 1600 0.600034
1850 1650 0.134768
1850 1700 0.129542
1850 1750 0.126896
1850 1800 1.08464
1850 1825 0.770826
1850 1840 0.728003
1850 200 1.05515
1850 25 1.25408
1850 300 0.903424
1850 400 0.797873
1850 500 0.711734
1850 50 1.28195
1850 600 0.399888
1850 700 0.592332
1850 800 0.55917
1850 900 0.546667
1900 1000 0.675753
1900 100 1.67733
1900 10 1.53408
1900 1100 0.665496
1900 1200 0.653183
1900 1300 0.662482
1900 1400 0.657885
1900 1500 0.267459
1900 150 1.48672
1900 1600 0.208555
1900 1650 0.780537
1900 1700 0.871222
1900 1750 0.994298
1900 1800 1.14652
1900 1850 1.4187
1900 1875 1.02655
1900 1890 0.622927
1900 200 1.33276
1900 25 1.5997
1900 300 1.1525
1900 400 1.03254
1900 500 0.915639
1900 50 1.62872
1900 600 0.827745
1900 700 0.778674
1900 800 0.721938
1900 900 0.700721
1950 1000 0.864885
1950 100 2.0946
1950 10 1.93262
1950 1100 0.83961
1950 1200 0.820593
1950 1300 0.826966
1950 1400 0.833694
1950 1500 0.861669
1950 150 1.85542
1950 1600 0.285972
1950 1650 0.934777
1950 1700 1.00748
1950 1750 0.216882
1950 1800 0.206925
1950 1850 1.417
1950 1900 0.447028
1950 1925 1.29895
1950 1940 1.33498
1950 200 1.66544
1950 25 1.96372
1950 300 1.46119
1950 400 1.29836
1950 500 1.15555
1950 50 1.95597
1950 600 1.06029
1950 700 1.00561
1950 800 0.940794
1950 900 0.909994
2000 1000 1.09749
2000 100 2.52727
2000 10 1.2558
2000 1100 1.0848
2000 1200 1.07531
2000 1300 0.609941
2000 1400 0.549638
2000 1500 0.456624
2000 150 2.29122
2000 1600 1.31534
2000 1700 0.841994
2000 1750 0.29679
2000 1800 0.275318
2000 1850 3.08127
2000 1900 0.269953
2000 1950 0.569622
2000 1975 1.13708
2000 1990 0.995553
2000 200 2.10697
2000 25 2.36414
2000 300 1.81052
2000 400 1.67729
2000 500 1.45775
2000 50 2.50192
2000 600 1.36515
2000 700 1.28833
2000 800 1.20066
2000 900 0.747198
2050 1000 1.44391
2050 100 3.27069
2050 10 3.0325
2050 1100 1.39581
2050 1200 1.35286
2050 1300 1.34347
2050 1400 1.31024
2050 1500 0.65599
2050 150 2.86126
2050 1600 0.582918
2050 1700 1.7666
2050 1750 1.77594
2050 1800 1.89355
2050 1850 0.349146
2050 1900 3.91334
2050 1950 2.40025
2050 2000 2.48517
2050 200 2.69104
2050 2025 1.38715
2050 2040 1.2372
2050 25 3.13436
2050 300 2.264
2050 400 1.25234
2050 500 1.90601
2050 50 3.0407
2050 600 1.76714
2050 700 1.01021
2050 800 1.51911
2050 900 1.45767
2100 1000 1.83195
2100 100 4.25423
2100 10 3.78104
2100 1100 2.0494
2100 1200 1.74227
2100 1300 1.05579
2100 1400 0.956643
2100 1500 0.897819
2100 150 3.77639
2100 1600 1.79425
2100 1700 1.7946
2100 1800 0.525202
2100 1850 0.485914
2100 1900 2.6267
2100 1950 0.42302
2100 2000 3.0782
2100 200 3.28819
2100 2050 3.15344
2100 2075 3.24237
2100 2090 3.03144
2100 25 3.83976
2100 300 3.00144
2100 400 2.65094
2100 500 2.47652
2100 50 3.87384
2100 600 2.21142
2100 700 2.09584
2100 800 1.96784
2100 900 1.86604
2150 1000 2.30488
2150 100 5.09235
2150 10 4.71383
2150 1100 2.24846
2150 1200 2.22901
2150 1300 2.16994
2150 1400 2.16374
2150 1500 2.19233
2150 150 4.50366
2150 1600 2.64172
2150 1700 2.23211
2150 1800 0.682345
2150 1850 2.55729
2150 1900 3.0964
2150 1950 6.27199
2150 2000 3.47868
2150 200 4.25927
2150 2050 3.81054
2150 2100 1.18568
2150 2125 4.21497
2150 2140 3.49395
2150 25 5.00562
2150 300 3.79546
2150 400 3.35959
2150 500 3.02356
2150 50 4.85535
2150 600 2.8022
2150 700 2.61942
2150 800 2.44453
2150 900 2.36325
2200 1000 2.95224
2200 100 6.32977
2200 10 5.94878
2200 1100 2.86899
2200 1200 1.78236
2200 1300 2.78449
2200 1400 1.7216
2200 1500 3.27441
2200 150 5.55011
2200 1600 1.40313
2200 1700 1.1611
2200 1800 2.99501
2200 1900 0.822495
2200 1950 0.741599
2200 200 5.18498
2200 2050 0.693156
2200 2100 7.61462
2200 2150 8.55335
2200 2175 5.23708
2200 2190 5.22422
2200 25 6.04062
2200 300 4.68464
2200 400 4.22617
2200 500 3.9148
2200 50 5.79299
2200 600 3.53778
2200 700 3.29977
2200 800 3.29028
2200 900 3.06361
2250 1000 3.71244
2250 100 7.8706
2250 10 7.22549
2250 1100 3.59422
2250 1200 3.72969
2250 1300 2.29936
2250 1400 3.49278
2250 1500 1.99908
2250 150 7.25507
2250 1600 1.82886
2250 1700 4.18392
2250 1800 1.36017
2250 1900 1.11117
2250 1950 4.22252
2250 2000 5.07273
2250 200 6.62239
2250 2050 0.878251
2250 2100 5.75306
2250 2150 6.1949
2250 2200 7.75611
2250 2225 6.87428
2250 2240 5.84023
2250 25 7.46572
2250 300 6.07639
2250 400 5.19947
2250 500 5.03801
2250 50 7.53921
2250 600 4.51845
2250 700 4.35559
2250 800 3.98936
2250 900 3.82489
2300 1000 4.8636
2300 100 9.79703
2300 10 9.53522
2300 1100 4.72546
2300 1200 4.58131
2300 1300 4.54918
2300 1400 2.71587
2300 1500 4.44945
2300 150 9.18271
2300 1600 4.54618
2300 1700 5.51136
2300 1800 4.68788
2300 1900 1.4828
2300 2000 1.3134
2300 200 8.23604
2300 2050 6.37187
2300 2100 1.1368
2300 2150 7.50615
2300 2200 1.11893
2300 2250 8.00512
2300 2275 4.84184
2300 2290 7.48936
2300 25 9.50652
2300 300 7.56509
2300 400 6.65919
2300 500 4.04434
2300 50 9.83084
2300 600 5.94335
2300 700 5.22484
2300 800 5.00948
2300 900 5.09418
2350 1000 6.12152
2350 100 12.3751
2350 10 11.4455
2350 1100 5.97031
2350 1200 5.84194
2350 1300 5.69081
2350 1400 3.55898
2350 1500 3.3008
2350 150 11.0601
2350 1600 3.18511
2350 1700 6.8006
2350 1800 6.83169
2350 1900 5.95541
2350 2000 7.37319
2350 200 10.3815
2350 2050 1.59674
2350 2100 15.8646
2350 2150 8.71569
2350 2200 5.56992
2350 2250 1.46033
2350 2300 17.7383
2350 2325 11.1166
2350 2340 9.77545
2350 25 11.3114
2350 300 9.41075
2350 400 8.34502
2350 500 7.75001
2350 50 11.7466
2350 600 7.24939
2350 700 7.01836
2350 800 6.64896
2350 900 6.24118
2400 1000 5.18487
2400 100 15.5918
2400 10 14.8516
2400 1100 4.92927
2400 1200 7.39903
2400 1300 4.91938
2400 1400 8.51448
2400 1500 8.49949
2400 150 14.4123
2400 1600 8.67085
2400 1700 7.32109
2400 1800 3.48035
2400 1900 2.80641
2400 2000 18.8945
2400 200 13.0868
2400 2100 9.78502
2400 2150 10.4863
2400 2200 20.9636
2400 2250 20.998
2400 2300 12.9088
2400 2350 22.2476
2400 2375 13.6299
2400 2390 12.2734
2400 25 14.7298
2400 300 12.1157
2400 400 10.6032
2400 500 10.2039
2400 50 14.9842
2400 600 9.34536
2400 700 5.79282
2400 800 8.19746
2400 900 5.24984
2450 1000 9.8478
2450 100 18.9638
2450 10 18.6916
2450 1100 9.68844
2450 1200 9.26178
2450 1300 5.99787
2450 1400 9.08042
2450 1500 5.81867
2450 1600 10.8139
2450 1700 5.12534
2450 1800 4.39672
2450 1900 22.738
2450 2000 11.3888
2450 200 15.8776
2450 2100 10.0879
2450 2150 25.0909
2450 2200 13.3526
2450 2250 2.24529
2450 2300 25.3512
2450 2350 9.72839
2450 2400 16.6231
2450 2425 17.9117
2450 2440 16.6854
2450 25 18.296
2450 300 14.8738
2450 400 13.7582
2450 500 12.9545
2450 50 19.5007
2450 600 12.0509
2450 700 7.39747
2450 800 11.0846
2450 900 10.3044
2500 1000 12.621
2500 100 24.6804
2500 10 22.2976
2500 1100 12.4713
2500 1200 12.1273
2500 1300 8.0723
2500 1400 11.6806
2500 1500 11.4781
2500 150 22.0434
2500 1600 11.4724
2500 1700 13.8616
2500 1800 11.7561
2500 1900 14.0458
2500 2000 12.0267
2500 200 20.268
2500 2100 14.8253
2500 2200 15.9867
2500 2250 3.0885
2500 2300 16.1078
2500 2350 19.2955
2500 2400 20.7111
2500 2450 21.5474
2500 2475 22.2602
2500 2490 21.3046
2500 25 23.6709
2500 400 17.1307
2500 50 22.9743
2500 600 15.1926
2500 700 14.0415
2500 800 13.5867
2500 900 8.93304
